greedy 16000000000 0
0 0 0 0 0 0 0 0 1 1 1 1 1 1 1 1 1 1 1 1 1 1 2 2 2 2 2 2 3 3 3 3 3 3 3 4 4 4 4 4 4 4 4 4 4 5 5 5 5 5 5 5 5 5 5 6 6 6 6 6 6 6 6 6 6 7 7 7 7 7 7 7 7 7 7 7 7 7 8 8 8 8 8 8 8 8 8 8 9 9 9 9 9 9 9 9 9 9 9 9
0 1321 0
0 0 0 0 0 0 0 0 1 1 1 1 1 1 1 1 1 1 1 1 7 1 2 2 2 2 2 2 3 3 3 3 3 3 3 4 4 4 4 4 4 4 4 4 4 5 5 5 5 5 5 5 5 5 5 6 6 6 6 6 6 6 6 6 6 7 1 7 7 7 7 7 7 7 7 7 7 7 8 8 8 8 8 8 8 8 8 8 9 9 9 9 9 9 9 9 9 9 9 9
1 1283 0
1 0 0 0 0 0 0 0 1 1 1 1 1 1 1 1 1 0 1 1 7 1 2 2 2 2 2 2 3 3 3 3 3 3 3 4 4 4 4 4 4 4 4 4 4 5 5 5 5 5 5 5 5 5 5 6 6 6 6 6 6 6 6 6 6 7 1 7 7 7 7 7 7 7 7 7 7 7 8 8 8 8 8 8 8 8 8 8 9 9 9 9 9 9 9 9 9 9 9 9
2 1242 0
1 0 0 0 0 0 0 0 1 1 1 1 1 1 1 1 1 0 1 1 7 1 2 2 2 2 2 2 3 3 3 3 3 3 3 4 4 4 4 4 4 4 4 4 4 5 5 5 5 5 5 5 5 5 5 6 6 6 6 6 6 6 7 6 6 7 1 7 6 7 7 7 7 7 7 7 7 7 8 8 8 8 8 8 8 8 8 8 9 9 9 9 9 9 9 9 9 9 9 9
3 1143 0
1 0 0 0 0 0 0 0 1 1 1 1 1 1 1 1 1 0 1 1 7 1 2 2 2 2 2 2 3 3 3 3 3 3 3 4 4 4 4 4 4 4 4 4 4 5 5 5 5 5 5 9 5 5 5 6 6 6 6 6 6 6 7 6 6 7 1 7 6 7 7 7 7 7 7 7 7 7 8 8 8 8 8 8 8 8 8 8 9 9 9 5 9 9 9 9 9 9 9 9
4 1143 0
1 0 0 0 0 0 0 0 1 1 1 1 1 1 1 1 1 0 1 1 7 1 2 2 2 2 2 2 3 3 3 3 3 3 3 4 4 4 4 4 4 4 4 4 4 5 5 5 5 5 5 9 5 5 5 6 6 6 6 6 6 6 7 6 6 7 1 7 6 7 7 7 7 7 7 7 7 7 8 8 8 8 8 8 8 8 8 8 9 9 9 5 9 9 9 9 9 9 9 9
5 1049 0
1 0 0 0 0 0 0 0 1 1 1 1 1 1 1 1 1 4 1 1 7 1 2 2 2 2 2 2 3 3 3 3 3 3 3 4 4 4 4 4 4 4 4 0 4 5 5 5 5 5 5 9 5 5 5 6 6 6 6 6 6 6 7 6 6 7 1 7 6 7 7 7 7 7 7 7 7 7 8 8 8 8 8 8 8 8 8 8 9 9 9 5 9 9 9 9 9 9 9 9
6 996 0
1 0 0 0 0 0 0 0 1 1 1 1 1 1 1 1 1 4 1 1 7 1 2 2 2 2 2 2 3 3 3 3 3 3 3 4 4 4 4 4 4 4 4 0 4 5 5 5 5 5 5 9 5 5 5 6 6 6 6 6 6 6 7 6 6 7 1 7 6 7 7 9 7 7 7 7 7 7 8 8 8 8 8 8 8 8 8 8 9 9 9 5 9 9 9 7 9 9 9 9
7 991 0
1 1 0 0 0 0 0 0 0 1 1 1 1 1 1 1 1 4 1 1 7 1 2 2 2 2 2 2 3 3 3 3 3 3 3 4 4 4 4 4 4 4 4 0 4 5 5 5 5 5 5 9 5 5 5 6 6 6 6 6 6 6 7 6 6 7 1 7 6 7 7 9 7 7 7 7 7 7 8 8 8 8 8 8 8 8 8 8 9 9 9 5 9 9 9 7 9 9 9 9
8 931 0
1 1 0 0 0 0 0 0 0 1 1 1 1 1 1 1 1 4 1 1 7 1 2 2 2 2 2 2 3 3 3 3 3 3 3 4 4 4 4 4 4 4 4 0 4 5 5 5 5 5 5 9 5 9 5 6 6 6 6 6 6 6 7 6 6 7 1 7 6 7 7 9 7 7 7 7 7 7 8 8 8 8 8 8 8 8 8 8 9 9 5 5 9 9 9 7 9 9 9 9
9 931 0
1 1 0 0 0 0 0 0 0 1 1 1 1 1 1 1 1 4 1 1 7 1 2 2 2 2 2 2 3 3 3 3 3 3 3 4 4 4 4 4 4 4 4 0 4 5 5 5 5 5 5 9 5 9 5 6 6 6 6 6 6 6 7 6 6 7 1 7 6 7 7 9 7 7 7 7 7 7 8 8 8 8 8 8 8 8 8 8 9 9 5 5 9 9 9 7 9 9 9 9
10 857 0
1 1 0 0 0 0 0 0 0 1 1 1 1 1 1 1 1 4 1 1 7 1 2 2 2 2 2 2 3 3 3 3 3 3 3 4 4 4 4 4 4 4 4 0 4 5 5 5 5 5 5 9 5 9 5 6 6 6 6 6 6 6 7 6 8 7 1 7 6 7 7 9 7 7 7 7 7 7 8 8 8 8 8 8 6 8 8 8 9 9 5 5 9 9 9 7 9 9 9 9
11 791 0
1 1 0 0 0 0 0 0 0 1 1 1 1 1 1 1 1 4 1 1 7 1 2 2 2 2 2 2 3 3 3 3 3 3 3 4 4 4 4 4 4 4 4 0 4 5 5 5 5 5 7 9 5 9 5 6 6 6 6 6 6 6 7 6 8 7 1 7 6 7 7 9 7 7 7 7 7 5 8 8 8 8 8 8 6 8 8 8 9 9 5 5 9 9 9 7 9 9 9 9
12 739 0
1 1 0 0 0 0 0 0 0 1 1 1 1 1 1 1 1 4 1 1 7 1 2 2 2 2 2 2 3 3 3 3 3 3 3 4 4 4 4 4 4 4 4 0 4 5 5 5 7 5 7 9 5 9 5 6 6 6 6 6 6 6 7 6 8 7 1 7 6 7 7 9 7 7 7 5 7 5 8 8 8 8 8 8 6 8 8 8 9 9 5 5 9 9 9 7 9 9 9 9
13 686 0
1 1 0 0 6 0 0 0 0 1 1 1 1 1 1 1 1 4 1 1 7 1 2 2 2 2 2 2 3 3 3 3 3 3 3 4 4 4 4 4 4 4 4 0 4 5 5 5 7 5 7 9 5 9 5 6 6 6 6 0 6 6 7 6 8 7 1 7 6 7 7 9 7 7 7 5 7 5 8 8 8 8 8 8 6 8 8 8 9 9 5 5 9 9 9 7 9 9 9 9
14 680 0
1 1 0 0 6 0 0 0 0 1 1 1 1 1 1 1 1 4 1 1 3 1 2 2 2 2 2 2 3 3 3 3 7 3 3 4 4 4 4 4 4 4 4 0 4 5 5 5 7 5 7 9 5 9 5 6 6 6 6 0 6 6 7 6 8 7 1 7 6 7 7 9 7 7 7 5 7 5 8 8 8 8 8 8 6 8 8 8 9 9 5 5 9 9 9 7 9 9 9 9
15 680 0
1 1 0 0 6 0 0 0 0 1 1 1 1 1 1 1 1 4 1 1 3 1 2 2 2 2 2 2 3 3 3 3 7 3 3 4 4 4 4 4 4 4 4 0 4 5 5 5 7 5 7 9 5 9 5 6 6 6 6 0 6 6 7 6 8 7 1 7 6 7 7 9 7 7 7 5 7 5 8 8 8 8 8 8 6 8 8 8 9 9 5 5 9 9 9 7 9 9 9 9
16 624 0
1 1 0 0 6 0 0 0 0 1 1 1 1 1 1 5 1 4 1 1 3 1 2 2 2 2 2 2 3 3 3 3 7 3 3 4 4 4 4 4 4 4 4 0 4 5 5 5 7 5 7 9 5 9 5 6 6 6 6 0 6 6 7 6 8 7 1 7 6 7 7 9 7 7 7 5 7 1 8 8 8 8 8 8 6 8 8 8 9 9 5 5 9 9 9 7 9 9 9 9
17 606 0
1 1 0 0 6 0 0 2 0 1 1 1 1 1 1 5 1 4 1 1 3 1 2 2 2 2 2 0 3 3 3 3 7 3 3 4 4 4 4 4 4 4 4 0 4 5 5 5 7 5 7 9 5 9 5 6 6 6 6 0 6 6 7 6 8 7 1 7 6 7 7 9 7 7 7 5 7 1 8 8 8 8 8 8 6 8 8 8 9 9 5 5 9 9 9 7 9 9 9 9
18 580 0
1 1 0 0 6 0 0 2 0 1 1 1 1 1 1 5 1 4 1 1 3 1 9 2 2 2 2 0 3 3 3 3 7 3 3 4 4 4 4 4 4 4 4 0 4 5 5 5 7 5 7 9 5 9 5 6 6 6 6 0 6 6 7 6 8 7 1 7 6 7 7 9 7 7 7 5 7 1 8 8 8 8 8 8 6 8 8 8 9 9 5 5 9 9 9 7 9 9 9 2
19 538 0
1 1 0 0 6 0 0 2 0 1 1 1 1 1 1 5 1 4 1 1 3 1 9 2 2 2 2 0 3 3 5 3 7 3 3 4 4 4 4 4 4 4 4 0 4 5 5 3 7 5 7 9 5 9 5 6 6 6 6 0 6 6 7 6 8 7 1 7 6 7 7 9 7 7 7 5 7 1 8 8 8 8 8 8 6 8 8 8 9 9 5 5 9 9 9 7 9 9 9 2
20 526 0
1 1 0 0 6 0 0 2 0 1 1 1 1 1 1 5 1 4 1 1 3 1 9 2 2 2 2 0 3 3 5 3 7 3 3 4 4 4 4 4 4 4 4 0 4 5 5 3 7 5 7 9 5 9 5 6 6 6 6 0 6 6 7 6 8 7 1 7 6 7 7 9 7 7 7 5 7 1 9 8 8 8 8 8 6 8 8 8 9 9 5 5 9 9 9 7 8 9 9 2
22 503 0
1 1 0 0 6 0 0 2 0 1 1 1 1 1 1 5 1 4 1 1 3 1 9 2 2 2 2 0 3 3 5 3 7 3 3 4 4 4 4 6 4 4 4 0 4 5 5 3 7 5 7 9 5 9 5 6 6 6 6 0 6 6 7 6 8 7 1 7 4 7 7 9 7 7 7 5 7 1 9 8 8 8 8 8 6 8 8 8 9 9 5 5 9 9 9 7 8 9 9 2
23 491 0
1 1 0 0 6 0 0 2 0 1 1 1 1 1 1 5 1 4 1 1 3 1 9 2 2 2 2 0 3 6 5 3 7 3 3 4 4 4 4 6 4 4 4 0 4 5 5 3 7 5 7 9 5 9 5 6 6 6 6 0 6 6 7 6 8 7 1 7 4 7 7 9 7 7 7 5 7 1 9 8 8 8 8 8 3 8 8 8 9 9 5 5 9 9 9 7 8 9 9 2
25 445 0
1 1 0 0 6 0 0 2 0 1 1 1 1 1 1 5 1 4 1 1 3 4 9 2 2 2 2 0 3 6 5 3 7 3 3 4 4 4 4 6 4 4 1 0 4 5 5 3 7 5 7 9 5 9 5 6 6 6 6 0 6 6 7 6 8 7 1 7 4 7 7 9 7 7 7 5 7 1 9 8 8 8 8 8 3 8 8 8 9 9 5 5 9 9 9 7 8 9 9 2
26 381 0
1 1 0 0 6 0 0 2 0 1 1 1 1 1 8 5 1 4 1 1 3 4 9 2 2 2 2 0 3 6 5 3 7 3 3 4 4 4 4 6 4 4 1 0 4 5 5 3 7 5 7 9 5 9 5 6 6 6 6 0 6 6 7 6 8 7 1 7 4 7 7 9 7 7 7 5 7 1 9 8 8 8 1 8 3 8 8 8 9 9 5 5 9 9 9 7 8 9 9 2
28 339 0
1 1 0 0 6 0 0 2 0 1 1 1 1 1 8 5 1 4 1 7 3 4 9 2 2 2 2 0 3 6 5 3 7 3 3 4 4 4 4 6 4 4 1 0 4 5 5 3 7 5 7 9 5 9 5 6 6 6 6 0 6 6 7 6 8 7 1 7 4 7 7 9 1 7 7 5 7 1 9 8 8 8 1 8 3 8 8 8 9 9 5 5 9 9 9 7 8 9 9 2
29 334 0
1 1 0 0 6 0 0 2 0 1 1 1 1 1 8 5 1 4 1 7 3 4 9 2 2 2 2 0 3 6 5 3 7 3 7 4 4 4 4 6 4 4 1 0 4 5 5 3 7 5 3 9 5 9 5 6 6 6 6 0 6 6 7 6 8 7 1 7 4 7 7 9 1 7 7 5 7 1 9 8 8 8 1 8 3 8 8 8 9 9 5 5 9 9 9 7 8 9 9 2
30 300 0
1 1 0 0 6 7 0 2 0 1 1 1 1 1 8 5 1 4 1 7 3 4 9 2 2 2 2 0 3 6 5 3 7 3 7 4 4 4 4 6 4 4 1 0 4 5 5 3 7 5 3 9 5 9 5 6 6 6 6 0 6 6 7 6 8 7 1 7 4 7 7 9 1 7 7 5 0 1 9 8 8 8 1 8 3 8 8 8 9 9 5 5 9 9 9 7 8 9 9 2
31 300 0
1 1 0 0 6 7 0 2 0 1 1 1 1 1 8 5 1 4 1 7 3 4 9 2 2 2 2 0 3 6 5 3 7 3 7 4 4 4 4 6 4 4 1 0 4 5 5 3 7 5 3 9 5 9 5 6 6 6 6 0 6 6 7 6 8 7 1 7 4 7 7 9 1 7 7 5 0 1 9 8 8 8 1 8 3 8 8 8 9 9 5 5 9 9 9 7 8 9 9 2
32 259 0
1 1 0 0 6 7 8 2 0 1 1 1 1 1 8 5 1 4 1 7 3 4 9 2 2 2 2 0 3 6 5 3 7 3 7 4 4 4 4 6 4 4 1 0 4 5 5 3 7 5 3 9 5 9 5 6 6 6 6 0 6 6 7 6 8 7 1 7 4 7 7 9 1 7 7 5 0 1 9 8 8 0 1 8 3 8 8 8 9 9 5 5 9 9 9 7 8 9 9 2
33 259 0
1 1 0 0 6 7 8 2 0 1 1 1 1 1 8 5 1 4 1 7 3 4 9 2 2 2 2 0 3 6 5 3 7 3 7 4 4 4 4 6 4 4 1 0 4 5 5 3 7 5 3 9 5 9 5 6 6 6 6 0 6 6 7 6 8 7 1 7 4 7 7 9 1 7 7 5 0 1 9 8 8 0 1 8 3 8 8 8 9 9 5 5 9 9 9 7 8 9 9 2
35 242 0
1 1 6 0 6 7 8 2 0 1 1 1 1 1 8 5 1 4 1 7 3 4 9 2 2 2 2 0 3 6 5 3 7 3 7 4 4 4 4 6 4 4 1 0 4 5 5 3 7 5 3 9 5 9 5 6 6 6 6 0 6 6 7 0 8 7 1 7 4 7 7 9 1 7 7 5 0 1 9 8 8 0 1 7 3 8 8 8 9 9 5 5 9 9 9 8 8 9 9 2
36 241 0.1
1 1 6 0 8 7 6 2 0 1 1 1 1 1 8 5 1 4 1 7 3 4 9 2 2 2 2 0 3 6 5 3 7 3 7 4 4 4 4 6 4 4 1 0 4 5 5 3 7 5 3 9 5 9 5 6 6 6 6 0 6 6 7 0 8 7 1 7 4 7 7 9 1 7 7 5 0 1 9 8 8 0 1 7 3 8 8 8 9 9 5 5 9 9 9 8 8 9 9 2
38 234 0.1
1 1 6 0 8 7 6 2 0 1 1 1 1 1 8 9 1 4 1 7 3 4 9 2 2 2 2 0 3 6 5 3 7 3 7 4 4 4 4 6 4 4 1 0 4 5 5 3 7 5 3 9 5 9 5 6 6 6 6 0 6 6 7 0 8 7 1 7 4 7 7 9 1 7 7 5 0 1 9 8 8 0 1 7 3 8 8 8 9 9 5 5 9 9 9 8 8 5 9 2
39 234 0.1
1 1 6 0 8 7 6 2 0 1 1 1 1 1 8 9 1 4 1 7 3 4 9 2 2 2 2 0 3 6 5 3 7 3 7 4 4 4 4 6 4 4 1 0 4 5 5 3 7 5 3 9 5 9 5 6 6 6 6 0 6 6 7 0 8 7 1 7 4 7 7 9 1 7 7 5 0 1 9 8 8 0 1 7 3 8 8 8 9 9 5 5 9 9 9 8 8 5 9 2
40 214 0.1
1 1 6 0 8 7 6 8 0 1 1 1 1 1 8 9 1 4 1 7 3 4 9 2 2 2 2 0 3 6 5 3 7 3 7 4 4 4 4 6 4 4 1 0 4 5 5 3 6 5 3 9 5 9 5 6 7 6 6 0 6 6 7 0 8 7 1 7 4 7 7 9 1 7 7 5 0 1 9 2 8 0 1 7 3 8 8 8 9 9 5 5 9 9 9 8 8 5 9 2
41 193 0.1
1 1 6 0 8 7 6 8 0 1 1 1 1 1 8 9 1 4 1 7 3 4 9 2 2 2 2 0 3 6 5 3 7 3 7 4 4 4 4 9 4 4 1 0 4 5 5 3 6 5 3 9 5 9 5 6 7 6 6 0 6 6 7 0 8 7 1 7 4 7 7 9 1 7 7 5 0 1 9 2 8 0 1 7 3 8 8 8 9 9 5 5 9 9 6 8 8 5 9 2
42 177 0.1
1 1 6 0 8 7 6 8 0 1 1 1 1 1 8 9 1 4 1 7 3 4 9 9 2 2 2 0 3 6 5 3 7 3 7 4 4 4 4 9 4 4 1 0 4 5 5 3 6 5 3 9 5 9 5 6 7 6 6 0 6 6 7 0 8 7 1 7 4 7 7 9 1 7 7 5 0 1 9 2 8 0 1 7 3 8 8 8 9 9 5 5 2 9 6 8 8 5 9 2
44 176 0.1
1 1 6 0 8 7 6 8 0 1 1 1 1 1 8 9 1 4 1 7 3 4 9 9 2 2 2 0 3 6 6 3 7 3 7 4 4 4 4 9 4 4 1 0 4 5 5 3 6 5 3 9 5 9 5 5 7 6 6 0 6 6 7 0 8 7 1 7 4 7 7 9 1 7 7 5 0 1 9 2 8 0 1 7 3 8 8 8 9 9 5 5 2 9 6 8 8 5 9 2
45 175 0.1
1 1 6 0 8 8 6 8 0 1 1 1 1 1 8 9 1 4 1 7 3 4 9 9 2 2 2 0 3 6 6 3 7 3 7 4 4 4 4 9 4 4 1 0 4 5 5 3 6 5 3 9 5 9 5 5 7 6 6 0 6 6 7 0 8 7 1 7 4 7 7 9 1 7 7 5 0 1 9 2 7 0 1 7 3 8 8 8 9 9 5 5 2 9 6 8 8 5 9 2
46 172 0.1
1 1 6 0 8 8 6 8 0 1 1 0 1 1 8 9 1 4 1 7 3 4 9 9 2 2 2 0 3 6 6 3 7 3 7 4 4 4 4 9 4 4 1 0 4 5 5 3 6 5 3 9 5 9 5 5 7 6 6 0 6 6 7 1 8 7 1 7 4 7 7 9 1 7 7 5 0 1 9 2 7 0 1 7 3 8 8 8 9 9 5 5 2 9 6 8 8 5 9 2
47 165 0.1
1 1 6 0 8 8 6 8 0 1 1 0 1 1 8 9 1 4 1 7 3 4 9 9 2 2 2 0 3 6 6 3 7 3 7 4 4 4 4 9 4 4 1 0 9 5 5 3 6 5 3 9 5 9 5 5 7 6 6 0 6 6 7 1 8 7 1 7 4 7 7 9 1 7 7 5 0 1 9 2 7 0 1 7 3 8 8 8 4 9 5 5 2 9 6 8 8 5 9 2
48 154 0.1
1 1 6 0 8 8 6 8 0 1 1 0 1 1 8 9 1 4 1 7 3 4 9 9 2 2 2 0 3 6 6 3 7 3 7 4 4 4 4 9 7 4 1 0 9 5 5 3 6 5 3 9 5 9 5 5 7 6 6 0 6 6 7 1 8 7 1 7 4 4 7 9 1 7 7 5 0 1 9 2 7 0 1 7 3 8 8 8 4 9 5 5 2 9 6 8 8 5 9 2
49 133 0.1
1 1 6 0 8 8 6 8 0 1 1 0 1 1 8 9 1 4 1 7 3 4 9 9 2 2 2 0 3 6 6 3 7 3 7 4 4 4 4 9 7 4 1 0 9 5 5 3 6 5 3 9 5 9 5 5 7 6 6 0 6 6 7 1 8 7 1 7 4 4 7 9 1 5 7 5 0 1 9 2 7 0 1 7 3 8 8 8 4 9 5 7 2 9 6 8 8 5 9 2
50 131 0.1
1 1 6 0 8 8 6 8 0 1 1 0 1 1 7 9 1 4 1 7 3 4 9 9 2 2 2 0 3 6 6 3 7 3 7 4 4 4 4 9 7 4 1 0 9 5 5 3 6 5 3 9 5 9 5 5 7 6 6 0 6 6 7 1 8 7 1 8 4 4 7 9 1 5 7 5 0 1 9 2 7 0 1 7 3 8 8 8 4 9 5 7 2 9 6 8 8 5 9 2
51 126 0.1
1 1 6 0 8 8 6 8 0 1 1 9 1 1 7 9 1 4 1 7 3 4 9 9 2 2 2 0 3 6 6 3 7 3 7 4 4 4 4 9 7 4 1 0 0 5 5 3 6 5 3 9 5 9 5 5 7 6 6 0 6 6 7 1 8 7 1 8 4 4 7 9 1 5 7 5 0 1 9 2 7 0 1 7 3 8 8 8 4 9 5 7 2 9 6 8 8 5 9 2
53 125 0.1
1 1 6 0 8 8 6 8 0 1 1 9 1 1 7 9 1 4 1 7 3 4 9 9 2 2 2 0 3 6 6 3 6 3 7 4 4 4 4 9 7 4 1 0 0 5 5 3 6 5 3 9 5 9 5 5 7 6 6 0 6 7 7 1 8 7 1 8 4 4 7 9 1 5 7 5 0 1 9 2 7 0 1 7 3 8 8 8 4 9 5 7 2 9 6 8 8 5 9 2
54 117 0.1
1 1 6 0 8 8 6 8 0 1 1 9 1 1 7 9 1 4 1 7 3 4 9 9 2 2 2 0 3 6 6 5 6 3 7 4 4 4 4 9 7 4 1 0 0 5 3 3 6 5 3 9 5 9 5 5 7 6 6 0 6 7 7 1 8 7 1 8 4 4 7 9 1 5 7 5 0 1 9 2 7 0 1 7 3 8 8 8 4 9 5 7 2 9 6 8 8 5 9 2
55 117 0.1
1 1 6 0 8 8 6 8 0 1 1 9 1 1 7 9 1 4 1 7 3 4 9 9 2 2 2 0 3 6 6 5 6 3 7 4 4 4 4 9 7 4 1 0 0 5 3 3 6 5 3 9 5 9 5 5 7 6 6 0 6 7 7 1 8 7 1 8 4 4 7 9 1 5 7 5 0 1 9 2 7 0 1 7 3 8 8 8 4 9 5 7 2 9 6 8 8 5 9 2
58 117 0.1
1 1 6 0 8 8 6 8 0 1 1 9 1 1 7 9 1 4 1 7 3 4 9 9 2 2 2 0 3 6 6 5 6 3 7 4 4 4 4 9 7 4 1 0 0 5 3 3 6 5 3 9 5 9 5 5 7 6 6 0 6 7 7 1 8 7 1 8 4 4 7 9 1 5 7 5 0 1 9 2 7 0 1 7 3 8 8 8 4 9 5 7 2 9 6 8 8 5 9 2
59 116 0.1
1 1 6 0 8 8 6 8 0 1 1 9 1 1 7 9 6 4 1 7 3 4 1 9 2 2 2 0 3 6 6 5 9 3 7 4 4 4 4 9 7 4 0 1 0 5 3 3 6 5 3 9 5 9 5 5 7 6 6 0 6 7 7 1 8 7 1 8 4 4 7 9 1 5 7 5 0 1 9 2 7 0 1 7 3 8 8 8 4 9 5 7 2 9 6 8 8 5 9 2
60 116 0.1
1 1 6 0 8 8 6 8 0 1 1 9 1 1 7 9 6 4 1 7 3 4 1 9 2 2 2 0 3 6 6 5 9 3 7 4 4 4 4 9 7 4 0 1 0 5 3 3 6 5 3 9 5 9 5 5 7 6 6 0 6 7 7 1 8 7 1 8 4 4 7 9 1 5 7 5 0 1 9 2 7 0 1 7 3 8 8 8 4 9 5 7 2 9 6 8 8 5 9 2
61 109 0.1
1 1 6 0 8 8 6 8 0 1 1 9 1 1 7 9 6 4 6 7 3 4 1 9 2 2 2 0 3 6 6 5 9 3 7 4 4 4 4 9 7 4 0 1 0 5 3 3 6 5 3 9 5 9 5 5 6 7 1 0 6 7 7 1 8 7 1 8 4 4 7 9 1 5 7 5 0 1 9 2 7 0 1 7 3 8 8 8 4 9 5 7 2 9 6 8 8 5 9 2
62 107 0.1
1 1 6 0 8 8 9 8 0 1 1 9 1 1 7 9 6 4 6 7 3 4 1 9 2 2 2 0 3 6 6 5 9 3 7 4 4 4 4 9 7 4 0 1 0 5 3 3 6 5 3 9 5 9 5 5 6 7 1 0 6 7 7 1 8 7 1 8 4 4 7 9 1 5 7 5 0 1 6 2 7 0 1 7 3 8 8 8 4 9 5 7 2 9 6 8 8 5 9 2
63 107 0.1
1 1 6 0 8 8 9 8 0 1 1 9 1 1 7 9 6 4 6 7 3 4 1 9 2 2 2 0 3 6 6 5 9 3 7 4 4 4 4 9 7 4 0 1 0 5 3 3 6 5 3 9 5 9 5 5 6 7 1 0 6 7 7 1 8 7 1 8 4 4 7 9 1 5 7 5 0 1 6 2 7 0 1 7 3 8 8 8 4 9 5 7 2 9 6 8 8 5 9 2
64 106 0.1
6 1 1 0 8 8 9 8 0 1 1 9 1 1 7 9 6 4 6 7 3 4 1 9 2 2 2 0 3 6 6 5 9 3 7 4 4 4 4 9 7 4 0 1 0 5 3 3 6 5 3 9 5 9 5 5 6 7 1 0 6 7 7 1 8 7 1 8 4 4 7 9 1 5 7 5 0 1 6 2 7 0 1 7 3 8 8 8 4 9 5 7 2 9 6 8 8 5 9 2
65 104 0.1
6 1 1 0 8 8 9 8 0 1 1 9 1 4 7 9 6 4 6 7 3 4 1 9 2 2 2 0 3 6 6 5 9 3 7 4 4 4 4 9 7 4 0 1 0 5 3 3 6 5 3 9 5 9 5 5 6 7 1 0 6 7 7 1 8 7 1 8 1 4 7 9 1 5 7 5 0 1 6 2 7 0 1 7 3 8 8 8 4 9 5 7 2 9 6 8 8 5 9 2
70 102 0.1
6 1 1 0 8 8 9 8 0 1 1 9 1 4 7 9 6 4 6 7 3 4 1 9 2 2 2 0 5 6 6 5 9 3 7 4 4 4 4 9 7 4 0 1 0 5 3 3 6 5 3 9 5 9 5 3 6 7 1 0 6 7 7 1 8 7 1 8 1 4 7 9 1 5 7 5 0 1 6 2 7 0 1 7 3 8 8 8 4 9 5 7 2 9 6 8 8 5 9 2
72 100 0.1
6 1 1 0 8 8 9 8 0 1 1 9 1 4 7 9 6 4 6 7 3 4 1 9 2 2 2 0 5 6 6 5 9 3 7 4 4 4 4 5 7 4 0 1 0 5 3 3 6 9 3 9 5 9 5 3 6 7 1 0 6 7 7 1 8 7 1 8 1 4 7 9 1 5 7 5 0 1 6 2 7 0 1 7 3 8 8 8 4 9 5 7 2 9 6 8 8 5 9 2
73 97 0.1
6 1 1 8 8 0 9 8 0 1 1 9 1 4 7 9 6 4 6 7 3 4 1 9 2 2 2 0 5 6 6 5 9 3 7 4 4 4 4 5 7 4 0 1 0 5 3 3 6 9 3 9 5 9 5 3 6 7 1 0 6 7 7 1 8 7 1 8 1 4 7 9 1 5 7 5 0 1 6 2 7 0 1 7 3 8 8 8 4 9 5 7 2 9 6 8 8 5 9 2
75 97 0.1
6 1 1 8 8 0 9 8 0 1 1 9 1 4 7 9 6 4 6 7 3 4 1 9 2 2 2 0 5 6 6 5 9 3 7 4 4 4 4 5 7 4 0 1 0 5 3 3 6 9 3 9 5 9 5 3 6 7 1 0 6 7 7 1 8 7 1 8 1 4 7 9 1 5 7 5 0 1 6 2 7 0 1 7 3 8 8 8 4 9 5 7 2 9 6 8 8 5 9 2
76 91 0.1
6 1 1 8 8 0 9 8 0 1 1 9 1 4 7 9 6 4 6 7 3 4 1 9 2 2 2 0 5 6 6 5 9 3 7 4 4 4 4 5 7 4 0 1 0 5 3 3 6 9 8 9 5 9 5 3 6 7 1 0 6 7 7 1 8 7 1 8 1 4 7 9 1 5 7 5 0 1 6 2 7 0 1 7 3 8 8 8 4 9 5 7 2 9 6 3 8 5 9 2
77 87 0.1
6 1 1 8 8 0 9 8 0 1 1 9 1 4 7 9 6 4 6 7 3 4 1 9 2 2 9 0 5 6 6 5 2 3 7 4 4 4 4 5 7 4 0 1 0 5 3 3 6 9 8 9 5 9 5 3 6 7 1 0 6 7 7 1 8 7 1 8 1 4 7 9 1 5 7 5 0 1 6 2 7 0 1 7 3 8 8 8 4 9 5 7 2 9 6 3 8 5 9 2
78 76 0.1
6 1 1 8 8 0 9 8 0 1 1 9 1 4 7 9 6 4 6 7 3 4 1 9 2 2 9 0 5 6 6 5 2 3 7 4 4 8 4 5 7 4 0 1 0 5 3 3 6 9 8 9 5 9 5 3 6 7 1 0 6 7 7 1 4 7 1 8 1 4 7 9 1 5 7 5 0 1 6 2 7 0 1 7 3 8 8 8 4 9 5 7 2 9 6 3 8 5 9 2
81 76 0.1
6 1 1 8 8 0 9 8 0 1 1 9 1 4 7 9 6 4 6 7 3 4 1 9 2 2 9 0 5 6 6 5 2 3 7 4 4 8 4 5 7 4 0 1 0 5 3 3 6 9 8 9 5 9 5 3 6 7 1 0 6 7 7 1 4 7 1 8 1 4 7 9 1 5 7 5 0 1 6 2 7 0 1 7 3 8 8 8 4 9 5 7 2 9 6 3 8 5 9 2
82 76 0.1
6 1 1 8 8 0 9 8 0 1 1 9 1 4 7 9 6 4 6 7 3 4 1 9 2 2 9 0 5 6 6 5 2 3 7 4 4 8 4 5 7 4 0 1 0 5 3 3 6 9 8 9 5 9 5 3 6 7 1 0 6 7 7 1 4 7 1 8 1 4 7 9 1 5 7 5 0 1 6 2 7 0 1 7 3 8 8 8 4 9 5 7 2 9 6 3 8 5 9 2
84 76 0.1
6 1 1 8 8 0 9 8 0 1 1 9 1 4 7 9 6 4 6 7 3 4 1 9 2 2 9 0 5 6 6 5 2 3 7 4 4 8 4 5 7 4 0 1 0 5 3 3 6 9 8 9 5 9 5 3 6 7 1 0 6 7 7 1 4 7 1 8 1 4 7 9 1 5 7 5 0 1 6 2 7 0 1 7 3 8 8 8 4 9 5 7 2 9 6 3 8 5 9 2
85 74 0.1
6 1 1 8 8 0 9 8 0 1 1 9 1 4 7 9 6 4 6 9 3 4 1 9 2 2 9 0 5 6 6 5 2 3 7 4 4 8 4 5 7 4 0 3 0 5 1 3 6 9 8 9 5 9 5 3 6 7 1 0 6 7 7 1 4 7 1 8 1 4 7 9 1 5 7 5 0 1 6 2 7 0 1 7 3 5 8 8 4 9 8 7 2 7 6 3 8 5 9 2
86 74 0.1
6 1 1 8 8 0 9 8 0 1 1 9 1 4 7 9 6 4 6 9 3 4 1 9 2 2 9 0 5 6 6 5 2 3 7 4 4 8 4 5 7 4 0 3 0 5 1 3 6 9 8 9 5 9 5 3 6 7 1 0 6 7 7 1 4 7 1 8 1 4 7 9 1 5 7 5 0 1 6 2 7 0 1 7 3 5 8 8 4 9 8 7 2 7 6 3 8 5 9 2
94 74 0.1
6 1 1 8 8 0 9 8 0 1 1 9 1 4 7 9 6 4 6 9 3 4 1 9 2 2 9 0 5 6 6 5 2 3 7 4 4 8 4 5 7 4 0 3 0 5 1 3 6 9 8 9 5 9 5 3 6 7 1 0 6 7 7 1 4 7 1 8 1 4 7 9 1 5 7 5 0 1 6 2 7 0 1 7 3 5 8 8 4 9 8 7 2 7 6 3 8 5 9 2
96 73 0.1
2 1 1 8 8 0 9 8 0 1 1 9 1 4 7 9 6 4 6 9 3 4 1 9 2 2 9 0 5 6 6 5 6 3 7 4 4 8 4 5 7 4 0 3 0 5 1 3 6 9 8 9 5 9 5 3 6 7 1 0 6 7 7 1 4 7 1 8 1 4 7 9 1 5 7 5 0 1 6 2 7 0 1 7 3 2 8 8 4 9 8 7 2 7 6 3 8 5 9 5
97 70 0.1
2 1 1 8 8 0 9 8 0 1 1 9 1 4 7 9 6 4 6 9 3 4 1 9 2 2 9 0 5 6 6 5 6 3 7 4 4 8 4 5 7 4 0 3 0 5 1 3 6 9 7 9 5 9 5 3 6 7 1 0 6 7 7 1 4 8 1 8 1 4 7 9 1 5 7 5 0 1 6 2 7 0 1 7 3 2 8 8 4 9 8 7 2 7 6 3 8 5 9 5
103 68 0.1
2 1 1 8 8 0 9 8 0 1 1 9 1 4 7 9 6 8 6 9 3 4 1 9 2 2 9 0 5 6 6 5 6 3 7 4 4 8 4 5 7 4 0 3 0 5 1 3 6 9 7 9 5 9 5 3 6 7 1 0 6 7 7 1 4 8 1 8 1 4 7 9 1 5 7 5 0 1 6 2 7 0 1 7 3 2 8 8 4 9 8 7 2 7 6 3 4 5 9 5
105 68 0.2
2 1 1 8 8 0 9 8 0 1 1 9 1 4 7 9 6 8 6 9 3 4 1 9 2 2 9 0 5 6 6 5 6 3 7 4 4 8 4 5 7 4 0 3 0 5 1 3 6 9 7 9 5 9 5 3 6 7 1 0 6 7 7 1 4 8 1 8 1 4 7 9 1 5 7 5 0 1 6 2 7 0 1 7 3 2 8 8 4 9 8 7 2 7 6 3 4 5 9 5
106 67 0.2
2 1 1 8 8 0 9 8 0 1 1 8 1 4 7 9 6 8 6 9 3 4 1 9 2 2 9 0 5 6 6 5 6 3 7 4 4 8 4 5 7 4 0 3 0 5 1 3 6 9 7 9 5 9 5 3 6 7 1 0 6 7 7 1 4 8 1 8 1 4 7 9 1 5 7 5 0 1 6 2 7 0 1 7 3 2 9 8 4 9 8 7 2 7 6 3 4 5 9 5
108 65 0.2
2 1 1 8 8 0 9 8 0 1 1 8 1 4 7 9 6 8 6 9 3 4 1 9 2 2 9 0 5 6 6 5 6 3 7 4 4 8 4 5 7 4 0 3 0 5 1 3 6 9 7 9 5 9 5 3 6 7 1 0 6 7 7 1 4 8 1 8 1 4 7 9 1 5 7 5 0 1 6 2 7 0 1 9 3 2 9 8 4 7 8 7 2 7 6 3 4 5 9 5
112 65 0.2
2 1 1 8 8 0 9 8 0 1 1 8 1 4 7 9 6 8 6 9 3 4 1 9 2 2 9 0 5 6 6 5 6 3 7 4 4 8 4 5 7 4 0 3 0 5 1 3 6 9 7 9 5 9 5 3 6 7 1 0 6 7 7 1 4 8 1 8 1 4 7 9 1 5 7 5 0 1 6 2 7 0 1 9 3 2 9 8 4 7 8 7 2 7 6 3 4 5 9 5
116 65 0.2
2 1 1 8 8 0 9 8 0 1 1 8 1 4 7 9 6 8 6 9 3 4 1 9 2 2 9 0 5 6 6 5 6 3 7 4 4 8 4 5 7 4 0 3 0 5 1 3 6 9 7 9 5 9 5 3 6 7 1 0 6 7 7 1 4 8 1 8 1 4 7 9 1 5 7 5 0 1 6 2 7 0 1 9 3 2 9 8 4 7 8 7 2 7 6 3 4 5 9 5
117 62 0.2
2 1 1 8 8 0 9 8 0 1 1 8 1 4 7 9 6 8 6 9 3 4 1 9 2 2 9 0 5 6 6 5 6 3 7 4 4 8 4 5 7 4 0 3 0 5 1 3 7 9 7 9 5 9 5 3 6 7 1 0 6 1 7 1 4 8 1 8 7 4 7 9 1 5 7 5 0 1 6 2 7 0 1 9 3 2 9 8 4 7 8 7 2 6 6 3 4 5 9 5
118 61 0.2
2 1 1 8 8 0 9 8 0 1 1 8 1 4 7 9 6 8 6 9 3 4 1 9 2 2 9 0 5 6 6 5 6 3 7 4 4 8 4 5 7 4 0 3 0 5 1 3 7 9 7 9 5 9 5 3 6 7 1 0 6 1 7 1 4 8 1 8 7 4 7 9 1 5 7 5 0 1 6 2 7 0 1 9 3 9 2 8 4 7 8 7 2 6 6 3 4 5 9 5
120 61 0.2
2 1 1 8 8 0 9 8 0 1 1 8 1 4 7 9 6 8 6 9 3 4 1 9 2 2 9 0 5 6 6 5 6 3 7 4 4 8 4 5 7 4 0 3 0 5 1 3 7 9 7 9 5 9 5 3 6 7 1 0 6 1 7 1 4 8 1 8 7 4 7 9 1 5 7 5 0 1 6 2 7 0 1 9 3 9 2 8 4 7 8 7 2 6 6 3 4 5 9 5
121 61 0.2
2 1 1 8 8 0 9 8 0 1 1 8 1 4 7 9 6 8 6 9 3 4 1 9 2 2 9 0 5 6 6 5 6 3 7 4 4 8 4 5 7 4 0 3 0 5 1 3 7 9 7 9 5 9 5 3 6 7 1 0 6 1 7 1 4 8 1 8 7 4 7 9 1 5 7 5 0 1 6 2 7 0 1 9 3 9 2 8 4 7 8 7 2 6 6 3 4 5 9 5
127 60 0.2
2 1 1 8 8 0 9 8 0 1 1 8 1 4 0 9 6 8 6 9 3 4 1 9 2 2 9 0 5 6 6 5 6 3 7 4 4 8 4 5 7 4 0 3 7 5 1 3 7 9 7 9 5 9 5 3 6 7 1 0 6 1 7 1 4 8 1 8 7 4 7 9 1 5 7 5 0 1 6 8 7 0 1 9 3 9 2 8 4 7 2 7 2 6 6 3 4 5 9 5
128 60 0.2
2 1 1 8 8 0 9 8 0 1 1 8 1 4 0 9 6 8 6 9 3 4 1 9 2 2 9 0 5 6 6 5 6 3 7 4 4 8 4 5 7 4 0 3 7 5 1 3 7 9 7 9 5 9 5 3 6 7 1 0 6 1 7 1 4 8 1 8 7 4 7 9 1 5 7 5 0 1 6 8 7 0 1 9 3 9 2 8 4 7 2 7 2 6 6 3 4 5 9 5
130 60 0.2
2 1 1 8 8 0 9 8 0 1 1 8 1 4 0 9 6 8 6 9 3 4 1 9 2 2 9 0 5 6 6 5 6 3 7 4 4 8 4 5 7 4 0 3 7 5 1 3 7 9 7 9 5 9 5 3 6 7 1 0 6 1 7 1 4 8 1 8 7 4 7 9 1 5 7 5 0 1 6 8 7 0 1 9 3 9 2 8 4 7 2 7 2 6 6 3 4 5 9 5
131 60 0.2
2 1 1 8 8 0 9 8 0 1 1 8 1 4 0 9 6 8 6 9 3 4 1 9 2 2 9 0 5 6 6 5 6 3 7 4 4 8 4 5 7 4 0 3 7 5 1 3 7 9 7 9 5 9 5 3 6 7 1 0 6 1 7 1 4 8 1 8 7 4 7 9 1 5 7 5 0 1 6 8 7 0 1 9 3 9 2 8 4 7 2 7 2 6 6 3 4 5 9 5
132 59 0.2
2 1 1 8 8 0 9 8 0 1 1 8 1 4 0 9 6 8 6 9 3 4 1 9 2 2 9 0 5 6 6 5 6 3 7 4 4 8 4 5 7 4 0 3 7 5 1 3 7 9 7 9 5 9 5 3 6 7 1 0 6 1 7 1 4 8 1 8 7 4 7 4 1 5 7 5 0 1 6 8 5 0 1 9 3 8 2 9 4 7 2 7 2 6 6 3 9 5 9 7
133 57 0.2
2 1 1 8 8 0 9 8 0 1 1 8 1 4 0 9 6 8 6 9 3 4 1 9 2 2 9 0 5 6 6 5 6 3 7 4 4 8 4 5 7 4 0 3 7 5 1 3 7 9 7 9 5 9 5 3 6 7 1 0 6 1 7 1 4 8 1 8 7 4 7 4 1 5 7 5 0 1 6 8 5 0 1 9 3 8 2 9 4 7 2 7 5 6 6 3 9 2 9 7
134 57 0.2
2 1 1 8 8 0 9 8 0 1 1 8 1 4 0 9 6 8 6 9 3 4 1 9 2 2 9 0 5 6 6 5 6 3 7 4 4 8 4 5 7 4 0 3 7 5 1 3 7 9 7 9 5 9 5 3 6 7 1 0 6 1 7 1 4 8 1 8 7 4 7 4 1 5 7 5 0 1 6 8 5 0 1 9 3 8 2 9 4 7 2 7 5 6 6 3 9 2 9 7
135 57 0.2
2 1 1 8 8 0 9 8 0 1 1 8 1 4 0 9 6 8 6 9 3 4 1 9 2 2 9 0 5 6 6 5 6 3 7 4 4 8 4 5 7 4 0 3 7 5 1 3 7 9 7 9 5 9 5 3 6 7 1 0 6 1 7 1 4 8 1 8 7 4 7 4 1 5 7 5 0 1 6 8 5 0 1 9 3 8 2 9 4 7 2 7 5 6 6 3 9 2 9 7
136 52 0.2
2 1 1 8 8 1 9 8 0 1 0 8 1 4 0 9 6 8 6 9 3 8 1 9 2 1 9 0 5 6 6 5 6 3 7 4 4 8 4 5 7 4 0 3 7 5 1 3 7 9 7 9 5 9 5 3 6 7 1 0 6 1 7 2 4 8 1 8 7 4 7 4 1 5 7 5 0 1 6 8 5 0 1 9 3 4 2 9 4 7 2 7 5 6 6 3 9 2 9 7
137 51 0.2
2 1 1 8 8 1 9 8 0 1 0 8 1 4 0 7 6 8 6 9 3 8 1 9 2 1 9 0 5 6 6 5 6 3 7 4 4 8 4 5 7 4 0 3 7 5 1 3 7 9 7 9 5 9 5 3 6 7 1 0 6 1 7 2 4 8 1 8 7 4 7 4 1 5 7 5 0 1 6 8 5 0 1 9 3 4 2 9 4 7 2 7 5 6 6 3 9 2 9 9
138 51 0.2
2 1 1 8 8 1 9 8 0 1 0 8 1 4 0 7 6 8 6 9 3 8 1 9 2 1 9 0 5 6 6 5 6 3 7 4 4 8 4 5 7 4 0 3 7 5 1 3 7 9 7 9 5 9 5 3 6 7 1 0 6 1 7 2 4 8 1 8 7 4 7 4 1 5 7 5 0 1 6 8 5 0 1 9 3 4 2 9 4 7 2 7 5 6 6 3 9 2 9 9
139 51 0.2
2 1 1 8 8 1 9 8 0 1 0 8 1 4 0 7 6 8 6 9 3 8 1 9 2 1 9 0 5 6 6 5 6 3 7 4 4 8 4 5 7 4 0 3 7 5 1 3 7 9 7 9 5 9 5 3 6 7 1 0 6 1 7 2 4 8 1 8 7 4 7 4 1 5 7 5 0 1 6 8 5 0 1 9 3 4 2 9 4 7 2 7 5 6 6 3 9 2 9 9
140 51 0.2
2 1 1 8 8 1 9 8 0 1 0 8 1 4 0 7 6 8 6 9 3 8 1 9 2 1 9 0 5 6 6 5 6 3 7 4 4 8 4 5 7 4 0 3 7 5 1 3 7 9 7 9 5 9 5 3 6 7 1 0 6 1 7 2 4 8 1 8 7 4 7 4 1 5 7 5 0 1 6 8 5 0 1 9 3 4 2 9 4 7 2 7 5 6 6 3 9 2 9 9
146 50 0.2
2 1 1 8 8 1 9 8 0 1 0 8 1 4 0 7 6 8 6 9 3 8 1 9 5 1 9 0 5 6 4 2 6 3 7 4 4 8 4 5 7 6 0 3 7 5 1 3 7 9 7 9 5 9 2 3 6 7 1 0 6 1 7 2 4 8 1 8 7 4 7 4 1 5 7 5 0 1 6 8 6 0 1 9 3 4 2 9 4 7 5 7 5 5 6 3 9 2 9 9
147 50 0.2
2 1 1 8 8 1 9 8 0 1 0 8 1 4 0 7 6 8 6 9 3 8 1 9 5 1 9 0 5 6 4 2 6 3 7 4 4 8 4 5 7 6 0 3 7 5 1 3 7 9 7 9 5 9 2 3 6 7 1 0 6 1 7 2 4 8 1 8 7 4 7 4 1 5 7 5 0 1 6 8 6 0 1 9 3 4 2 9 4 7 5 7 5 5 6 3 9 2 9 9
149 50 0.2
2 1 1 8 8 1 9 8 0 1 0 8 1 4 0 7 6 8 6 9 3 8 1 9 5 1 9 0 5 6 4 2 6 3 7 4 4 8 4 5 7 6 0 3 7 5 1 3 7 9 7 9 5 9 2 3 6 7 1 0 6 1 7 2 4 8 1 8 7 4 7 4 1 5 7 5 0 1 6 8 6 0 1 9 3 4 2 9 4 7 5 7 5 5 6 3 9 2 9 9
150 48 0.2
2 1 1 8 8 1 9 8 0 1 0 8 1 4 0 7 6 8 6 9 3 8 1 9 4 1 9 0 5 6 5 2 6 3 7 4 4 8 4 5 7 6 0 3 7 5 1 2 7 9 7 9 5 9 3 3 6 7 1 0 6 1 7 2 4 8 1 8 7 4 7 4 1 5 7 5 0 1 6 8 6 0 1 9 3 4 2 9 4 7 5 7 5 5 6 3 9 2 9 9
152 48 0.2
2 1 1 8 8 1 9 8 0 1 0 8 1 4 0 7 6 8 6 9 3 8 1 9 4 1 9 0 5 6 5 2 6 3 7 4 4 8 4 5 7 6 0 3 7 5 1 2 7 9 7 9 5 9 3 3 6 7 1 0 6 1 7 2 4 8 1 8 7 4 7 4 1 5 7 5 0 1 6 8 6 0 1 9 3 4 2 9 4 7 5 7 5 5 6 3 9 2 9 9
154 48 0.2
2 1 1 8 8 1 9 8 0 1 0 8 1 4 0 7 6 8 6 9 3 8 1 9 4 1 9 0 5 6 5 2 6 3 7 4 4 8 4 5 7 6 0 3 7 5 1 2 7 9 7 9 5 9 3 3 6 7 1 0 6 1 7 2 4 8 1 8 7 4 7 4 1 5 7 5 0 1 6 8 6 0 1 9 3 4 2 9 4 7 5 7 5 5 6 3 9 2 9 9
163 48 0.2
2 1 1 8 8 1 9 8 0 1 0 8 1 4 0 7 6 8 6 9 3 8 1 9 4 1 9 0 5 6 5 2 6 3 7 4 4 8 4 5 7 6 0 3 7 5 1 2 7 9 7 9 5 9 3 3 6 7 1 0 6 1 7 2 4 8 1 8 7 4 7 4 1 5 7 5 0 1 6 8 6 0 1 9 3 4 2 9 4 7 5 7 5 5 6 3 9 2 9 9
165 48 0.2
2 1 1 8 8 1 9 8 0 1 0 8 1 4 0 7 6 8 6 9 3 8 1 9 4 1 9 0 5 6 5 2 6 3 7 4 4 8 4 5 7 6 0 3 7 5 1 2 7 9 7 9 5 9 3 3 6 7 1 0 6 1 7 2 4 8 1 8 7 4 7 4 1 5 7 5 0 1 6 8 6 0 1 9 3 4 2 9 4 7 5 7 5 5 6 3 9 2 9 9
170 48 0.2
2 1 1 8 8 1 9 8 0 1 0 8 1 4 0 7 6 8 6 9 3 8 1 9 4 1 9 0 5 6 5 2 6 3 7 4 4 8 4 5 7 6 0 3 7 5 1 2 7 9 7 9 5 9 3 3 6 7 1 0 6 1 7 2 4 8 1 8 7 4 7 4 1 5 7 5 0 1 6 8 6 0 1 9 3 4 2 9 4 7 5 7 5 5 6 3 9 2 9 9
176 48 0.3
2 1 1 8 8 1 9 8 0 1 0 8 1 4 0 7 6 8 6 9 3 8 1 9 4 1 9 0 5 6 5 2 6 3 7 4 4 8 4 5 7 6 0 3 7 5 1 2 7 9 7 9 5 9 3 3 6 7 1 0 6 1 7 2 4 8 1 8 7 4 7 4 1 5 7 5 0 1 6 8 6 0 1 9 3 4 2 9 4 7 5 7 5 5 6 3 9 2 9 9
180 48 0.3
2 1 1 8 8 1 9 8 0 1 0 8 1 4 0 7 6 8 6 9 3 8 1 9 4 1 9 0 5 6 5 2 6 3 7 4 4 8 4 5 7 6 0 3 7 5 1 2 7 9 7 9 5 9 3 3 6 7 1 0 6 1 7 2 4 8 1 8 7 4 7 4 1 5 7 5 0 1 6 8 6 0 1 9 3 4 2 9 4 7 5 7 5 5 6 3 9 2 9 9
184 48 0.3
2 1 1 8 8 1 9 8 0 1 0 8 1 4 0 7 6 8 6 9 3 8 1 9 4 1 9 0 5 6 5 2 6 3 7 4 4 8 4 5 7 6 0 3 7 5 1 2 7 9 7 9 5 9 3 3 6 7 1 0 6 1 7 2 4 8 1 8 7 4 7 4 1 5 7 5 0 1 6 8 6 0 1 9 3 4 2 9 4 7 5 7 5 5 6 3 9 2 9 9
185 48 0.3
2 1 1 8 8 1 9 8 0 1 0 8 1 4 0 7 6 8 6 9 3 8 1 9 4 1 9 0 5 6 5 2 6 3 7 4 4 8 4 5 7 6 0 3 7 5 1 2 7 9 7 9 5 9 3 3 6 7 1 0 6 1 7 2 4 8 1 8 7 4 7 4 1 5 7 5 0 1 6 8 6 0 1 9 3 4 2 9 4 7 5 7 5 5 6 3 9 2 9 9
192 48 0.3
2 1 1 8 8 1 9 8 0 1 0 8 1 4 0 7 6 8 6 9 3 8 1 9 4 1 9 0 5 6 5 2 6 3 7 4 4 8 4 5 7 6 0 3 7 5 1 2 7 9 7 9 5 9 3 3 6 7 1 0 6 1 7 2 4 8 1 8 7 4 7 4 1 5 7 5 0 1 6 8 6 0 1 9 3 4 2 9 4 7 5 7 5 5 6 3 9 2 9 9
197 48 0.3
2 1 1 8 8 1 9 8 0 1 0 8 1 4 0 7 6 8 6 9 3 8 1 9 4 1 9 0 5 6 5 2 6 3 7 4 4 8 4 5 7 6 0 3 7 5 1 2 7 9 7 9 5 9 3 3 6 7 1 0 6 1 7 2 4 8 1 8 7 4 7 4 1 5 7 5 0 1 6 8 6 0 1 9 3 4 2 9 4 7 5 7 5 5 6 3 9 2 9 9
201 48 0.3
2 1 1 8 8 1 9 8 0 1 0 8 1 4 0 7 6 8 6 9 3 8 1 9 4 1 9 0 5 6 5 2 6 3 7 4 4 8 4 5 7 6 0 3 7 5 1 2 7 9 7 9 5 9 3 3 6 7 1 0 6 1 7 2 4 8 1 8 7 4 7 4 1 5 7 5 0 1 6 8 6 0 1 9 3 4 2 9 4 7 5 7 5 5 6 3 9 2 9 9
202 48 0.3
2 1 1 8 8 1 9 8 0 1 0 8 1 4 0 7 6 8 6 9 3 8 1 9 4 1 9 0 5 6 5 2 6 3 7 4 4 8 4 5 7 6 0 3 7 5 1 2 7 9 7 9 5 9 3 3 6 7 1 0 6 1 7 2 4 8 1 8 7 4 7 4 1 5 7 5 0 1 6 8 6 0 1 9 3 4 2 9 4 7 5 7 5 5 6 3 9 2 9 9
203 48 0.3
2 1 1 8 8 1 9 8 0 1 0 8 1 4 0 7 6 8 6 9 3 8 1 9 4 1 9 0 5 6 5 2 6 3 7 4 4 8 4 5 7 6 0 3 7 5 1 2 7 9 7 9 5 9 3 3 6 7 1 0 6 1 7 2 4 8 1 8 7 4 7 4 1 5 7 5 0 1 6 8 6 0 1 9 3 4 2 9 4 7 5 7 5 5 6 3 9 2 9 9
205 48 0.3
2 1 1 8 8 1 9 8 0 1 0 8 1 4 0 7 6 8 6 9 3 8 1 9 4 1 9 0 5 6 5 2 6 3 7 4 4 8 4 5 7 6 0 3 7 5 1 2 7 9 7 9 5 9 3 3 6 7 1 0 6 1 7 2 4 8 1 8 7 4 7 4 1 5 7 5 0 1 6 8 6 0 1 9 3 4 2 9 4 7 5 7 5 5 6 3 9 2 9 9
211 48 0.3
2 1 1 8 8 1 9 8 0 1 0 8 1 4 0 7 6 8 6 9 3 8 1 9 4 1 9 0 5 6 5 2 6 3 7 4 4 8 4 5 7 6 0 3 7 5 1 2 7 9 7 9 5 9 3 3 6 7 1 0 6 1 7 2 4 8 1 8 7 4 7 4 1 5 7 5 0 1 6 8 6 0 1 9 3 4 2 9 4 7 5 7 5 5 6 3 9 2 9 9
213 48 0.3
2 1 1 8 8 1 9 8 0 1 0 8 1 4 0 7 6 8 6 9 3 8 1 9 4 1 9 0 5 6 5 2 6 3 7 4 4 8 4 5 7 6 0 3 7 5 1 2 7 9 7 9 5 9 3 3 6 7 1 0 6 1 7 2 4 8 1 8 7 4 7 4 1 5 7 5 0 1 6 8 6 0 1 9 3 4 2 9 4 7 5 7 5 5 6 3 9 2 9 9
220 48 0.3
2 1 1 8 8 1 9 8 0 1 0 8 1 4 0 7 6 8 6 9 3 8 1 9 4 1 9 0 5 6 5 2 6 3 7 4 4 8 4 5 7 6 0 3 7 5 1 2 7 9 7 9 5 9 3 3 6 7 1 0 6 1 7 2 4 8 1 8 7 4 7 4 1 5 7 5 0 1 6 8 6 0 1 9 3 4 2 9 4 7 5 7 5 5 6 3 9 2 9 9
221 48 0.3
2 1 1 8 8 1 9 8 0 1 0 8 1 4 0 7 6 8 6 9 3 8 1 9 4 1 9 0 5 6 5 2 6 3 7 4 4 8 4 5 7 6 0 3 7 5 1 2 7 9 7 9 5 9 3 3 6 7 1 0 6 1 7 2 4 8 1 8 7 4 7 4 1 5 7 5 0 1 6 8 6 0 1 9 3 4 2 9 4 7 5 7 5 5 6 3 9 2 9 9
222 47 0.3
6 1 1 8 8 1 7 8 0 5 0 8 3 4 0 7 6 8 6 9 3 8 1 9 5 1 9 0 5 7 4 2 6 1 7 4 4 8 9 5 6 6 0 3 4 5 1 2 7 9 7 9 5 9 3 3 2 7 1 0 3 1 7 2 4 8 1 8 7 4 7 4 1 5 7 5 0 1 6 8 6 0 1 9 2 4 2 9 4 7 5 7 1 5 6 3 9 6 9 9
232 45 0.4
6 1 6 8 8 1 7 8 0 5 0 8 3 4 0 7 6 8 6 9 3 8 1 9 5 1 9 0 5 7 4 2 6 1 7 4 4 8 9 5 6 1 0 3 4 5 1 2 7 9 7 9 5 9 3 3 2 7 1 0 3 1 7 2 4 8 1 8 7 4 7 4 1 5 7 5 0 1 6 8 6 0 1 9 2 4 2 9 4 7 5 7 1 5 6 3 9 6 9 9
233 45 0.4
6 1 6 8 8 1 7 8 0 5 0 8 3 4 0 7 6 8 6 9 3 8 1 9 5 1 9 0 5 7 4 2 6 1 7 4 4 8 9 5 6 1 0 3 4 5 1 2 7 9 7 9 5 9 3 3 2 7 1 0 3 1 7 2 4 8 1 8 7 4 7 4 1 5 7 5 0 1 6 8 6 0 1 9 2 4 2 9 4 7 5 7 1 5 6 3 9 6 9 9
240 42 0.4
6 1 6 8 2 1 7 8 0 5 0 8 3 4 0 7 6 8 6 9 3 8 1 9 5 1 9 0 5 7 4 2 6 1 7 4 4 8 9 5 6 1 0 3 4 5 1 2 7 9 7 9 5 9 3 3 8 7 1 0 3 1 7 2 4 8 1 8 7 4 7 4 1 5 7 5 0 1 6 8 6 0 1 9 2 4 2 9 4 7 5 7 1 5 6 6 9 3 9 9
244 42 0.4
6 1 6 8 2 1 7 8 0 5 0 8 3 4 0 7 6 8 6 9 3 8 1 9 5 1 9 0 5 7 4 2 6 1 7 4 4 8 9 5 6 1 0 3 4 5 1 2 7 9 7 9 5 9 3 3 8 7 1 0 3 1 7 2 4 8 1 8 7 4 7 4 1 5 7 5 0 1 6 8 6 0 1 9 2 4 2 9 4 7 5 7 1 5 6 6 9 3 9 9
246 42 0.4
6 1 6 8 2 1 7 8 0 5 0 8 3 4 0 7 6 8 6 9 3 8 1 9 5 1 9 0 5 7 4 2 6 1 7 4 4 8 9 5 6 1 0 3 4 5 1 2 7 9 7 9 5 9 3 3 8 7 1 0 3 1 7 2 4 8 1 8 7 4 7 4 1 5 7 5 0 1 6 8 6 0 1 9 2 4 2 9 4 7 5 7 1 5 6 6 9 3 9 9
250 41 0.4
6 1 6 8 2 1 7 8 0 5 0 8 1 4 0 7 6 8 6 9 3 8 1 9 5 1 9 0 5 7 4 2 6 1 7 4 3 4 9 5 6 3 0 3 4 5 1 2 7 9 7 9 5 9 3 3 8 7 1 0 8 1 7 2 4 8 1 8 7 4 7 4 1 5 7 5 0 1 6 8 6 0 1 9 2 4 2 9 4 7 5 7 1 5 6 6 9 3 9 9
253 40 0.4
6 1 6 8 2 1 7 8 0 5 0 8 1 4 0 7 6 8 6 9 3 8 1 9 5 1 9 0 5 7 4 2 6 1 7 4 3 4 9 5 6 3 0 3 4 5 1 2 7 9 7 9 5 9 3 3 8 7 1 0 8 1 7 2 4 8 1 8 7 4 7 4 1 5 7 5 0 1 6 8 6 0 1 9 2 4 2 6 4 7 5 7 1 5 9 6 9 3 9 9
258 40 0.4
6 1 6 8 2 1 7 8 0 5 0 8 1 4 0 7 6 8 6 9 3 8 1 9 5 1 9 0 5 7 4 2 6 1 7 4 3 4 9 5 6 3 0 3 4 5 1 2 7 9 7 9 5 9 3 3 8 7 1 0 8 1 7 2 4 8 1 8 7 4 7 4 1 5 7 5 0 1 6 8 6 0 1 9 2 4 2 6 4 7 5 7 1 5 9 6 9 3 9 9
263 40 0.4
6 1 6 8 2 1 7 8 0 5 0 8 1 4 0 7 6 8 6 9 3 8 1 9 5 1 9 0 5 7 4 2 6 1 7 4 3 4 9 5 6 3 0 3 4 5 1 2 7 9 7 9 5 9 3 3 8 7 1 0 8 1 7 2 4 8 1 8 7 4 7 4 1 5 7 5 0 1 6 8 6 0 1 9 2 4 2 6 4 7 5 7 1 5 9 6 9 3 9 9
266 40 0.4
6 1 6 8 2 1 7 8 0 5 0 8 1 4 0 7 6 8 6 9 3 8 1 9 5 1 9 0 5 7 4 2 6 1 7 4 3 4 9 5 6 3 0 3 4 5 1 2 7 9 7 9 5 9 3 3 8 7 1 0 8 1 7 2 4 8 1 8 7 4 7 4 1 5 7 5 0 1 6 8 6 0 1 9 2 4 2 6 4 7 5 7 1 5 9 6 9 3 9 9
269 40 0.4
6 1 6 8 2 1 7 8 0 5 0 8 1 4 0 7 6 8 6 9 3 8 1 9 5 1 9 0 5 7 4 2 6 1 7 4 3 4 9 5 6 3 0 3 4 5 1 2 7 9 7 9 5 9 3 3 8 7 1 0 8 1 7 2 4 8 1 8 7 4 7 4 1 5 7 5 0 1 6 8 6 0 1 9 2 4 2 6 4 7 5 7 1 5 9 6 9 3 9 9
273 39 0.4
6 3 6 8 2 1 7 8 0 5 0 8 1 4 0 7 6 8 6 9 3 8 1 9 5 1 9 0 5 7 4 2 6 9 7 4 3 4 9 5 6 3 0 9 4 5 1 2 7 9 7 1 5 9 1 3 8 7 1 0 8 1 7 2 4 8 1 5 7 4 7 4 1 8 7 5 0 1 6 8 6 0 1 9 2 4 2 6 4 7 5 7 1 5 9 6 9 3 9 3
275 39 0.4
6 3 6 8 2 1 7 8 0 5 0 8 1 4 0 7 6 8 6 9 3 8 1 9 5 1 9 0 5 7 4 2 6 9 7 4 3 4 9 5 6 3 0 9 4 5 1 2 7 9 7 1 5 9 1 3 8 7 1 0 8 1 7 2 4 8 1 5 7 4 7 4 1 8 7 5 0 1 6 8 6 0 1 9 2 4 2 6 4 7 5 7 1 5 9 6 9 3 9 3
276 39 0.4
6 3 6 8 2 1 7 8 0 5 0 8 1 4 0 7 6 8 6 9 3 8 1 9 5 1 9 0 5 7 4 2 6 9 7 4 3 4 9 5 6 3 0 9 4 5 1 2 7 9 7 1 5 9 1 3 8 7 1 0 8 1 7 2 4 8 1 5 7 4 7 4 1 8 7 5 0 1 6 8 6 0 1 9 2 4 2 6 4 7 5 7 1 5 9 6 9 3 9 3
277 39 0.4
6 3 6 8 2 1 7 8 0 5 0 8 1 4 0 7 6 8 6 9 3 8 1 9 5 1 9 0 5 7 4 2 6 9 7 4 3 4 9 5 6 3 0 9 4 5 1 2 7 9 7 1 5 9 1 3 8 7 1 0 8 1 7 2 4 8 1 5 7 4 7 4 1 8 7 5 0 1 6 8 6 0 1 9 2 4 2 6 4 7 5 7 1 5 9 6 9 3 9 3
280 39 0.4
6 3 6 8 2 1 7 8 0 5 0 8 1 4 0 7 6 8 6 9 3 8 1 9 5 1 9 0 5 7 4 2 6 9 7 4 3 4 9 5 6 3 0 9 4 5 1 2 7 9 7 1 5 9 1 3 8 7 1 0 8 1 7 2 4 8 1 5 7 4 7 4 1 8 7 5 0 1 6 8 6 0 1 9 2 4 2 6 4 7 5 7 1 5 9 6 9 3 9 3
288 39 0.4
6 3 6 8 2 1 7 8 0 5 0 8 1 4 0 7 6 8 6 9 3 8 1 9 5 1 9 0 5 7 4 2 6 9 7 4 3 4 9 5 6 3 0 9 4 5 1 2 7 9 7 1 5 9 1 3 8 7 1 0 8 1 7 2 4 8 1 5 7 4 7 4 1 8 7 5 0 1 6 8 6 0 1 9 2 4 2 6 4 7 5 7 1 5 9 6 9 3 9 3
290 38 0.5
6 8 6 8 2 1 7 8 0 5 0 8 1 4 0 7 6 8 6 9 3 8 1 9 5 1 9 0 5 3 4 2 6 9 7 4 3 4 9 5 6 3 0 9 4 5 1 2 7 9 7 1 5 9 1 3 8 7 1 0 8 1 7 2 4 7 1 5 7 4 7 4 1 8 7 5 0 1 6 8 6 0 1 9 2 4 2 6 4 7 5 7 3 5 9 6 9 3 9 1
292 38 0.5
6 8 6 8 2 1 7 8 0 5 0 8 1 4 0 7 6 8 6 9 3 8 1 9 5 1 9 0 5 3 4 2 6 9 7 4 3 4 9 5 6 3 0 9 4 5 1 2 7 9 7 1 5 9 1 3 8 7 1 0 8 1 7 2 4 7 1 5 7 4 7 4 1 8 7 5 0 1 6 8 6 0 1 9 2 4 2 6 4 7 5 7 3 5 9 6 9 3 9 1
294 38 0.5
6 8 6 8 2 1 7 8 0 5 0 8 1 4 0 7 6 8 6 9 3 8 1 9 5 1 9 0 5 3 4 2 6 9 7 4 3 4 9 5 6 3 0 9 4 5 1 2 7 9 7 1 5 9 1 3 8 7 1 0 8 1 7 2 4 7 1 5 7 4 7 4 1 8 7 5 0 1 6 8 6 0 1 9 2 4 2 6 4 7 5 7 3 5 9 6 9 3 9 1
295 38 0.5
6 8 6 8 2 1 7 8 0 5 0 8 1 4 0 7 6 8 6 9 3 8 1 9 5 1 9 0 5 3 4 2 6 9 7 4 3 4 9 5 6 3 0 9 4 5 1 2 7 9 7 1 5 9 1 3 8 7 1 0 8 1 7 2 4 7 1 5 7 4 7 4 1 8 7 5 0 1 6 8 6 0 1 9 2 4 2 6 4 7 5 7 3 5 9 6 9 3 9 1
298 38 0.5
6 8 6 8 2 1 7 8 0 5 0 8 1 4 0 7 6 8 6 9 3 8 1 9 5 1 9 0 5 3 4 2 6 9 7 4 3 4 9 5 6 3 0 9 4 5 1 2 7 9 7 1 5 9 1 3 8 7 1 0 8 1 7 2 4 7 1 5 7 4 7 4 1 8 7 5 0 1 6 8 6 0 1 9 2 4 2 6 4 7 5 7 3 5 9 6 9 3 9 1
300 38 0.5
6 8 6 8 2 1 7 8 0 5 0 8 1 4 0 7 6 8 6 9 3 8 1 9 5 1 9 0 5 3 4 2 6 9 7 4 3 4 9 5 6 3 0 9 4 5 1 2 7 9 7 1 5 9 1 3 8 7 1 0 8 1 7 2 4 7 1 5 7 4 7 4 1 8 7 5 0 1 6 8 6 0 1 9 2 4 2 6 4 7 5 7 3 5 9 6 9 3 9 1
307 38 0.5
6 8 6 8 2 1 7 8 0 5 0 8 1 4 0 7 6 8 6 9 3 8 1 9 5 1 9 0 5 3 4 2 6 9 7 4 3 4 9 5 6 3 0 9 4 5 1 2 7 9 7 1 5 9 1 3 8 7 1 0 8 1 7 2 4 7 1 5 7 4 7 4 1 8 7 5 0 1 6 8 6 0 1 9 2 4 2 6 4 7 5 7 3 5 9 6 9 3 9 1
308 38 0.5
6 8 6 8 2 1 7 8 0 5 0 8 1 4 0 7 6 8 6 9 3 8 1 9 5 1 9 0 5 3 4 2 6 9 7 4 3 4 9 5 6 3 0 9 4 5 1 2 7 9 7 1 5 9 1 3 8 7 1 0 8 1 7 2 4 7 1 5 7 4 7 4 1 8 7 5 0 1 6 8 6 0 1 9 2 4 2 6 4 7 5 7 3 5 9 6 9 3 9 1
325 38 0.5
6 8 6 8 2 1 7 8 0 5 0 8 1 4 0 7 6 8 6 9 3 8 1 9 5 1 9 0 5 3 4 2 6 9 7 4 3 4 9 5 6 3 0 9 4 5 1 2 7 9 7 1 5 9 1 3 8 7 1 0 8 1 7 2 4 7 1 5 7 4 7 4 1 8 7 5 0 1 6 8 6 0 1 9 2 4 2 6 4 7 5 7 3 5 9 6 9 3 9 1
327 38 0.5
6 8 6 8 2 1 7 8 0 5 0 8 1 4 0 7 6 8 6 9 3 8 1 9 5 1 9 0 5 3 4 2 6 9 7 4 3 4 9 5 6 3 0 9 4 5 1 2 7 9 7 1 5 9 1 3 8 7 1 0 8 1 7 2 4 7 1 5 7 4 7 4 1 8 7 5 0 1 6 8 6 0 1 9 2 4 2 6 4 7 5 7 3 5 9 6 9 3 9 1
328 37 0.5
6 8 6 9 6 1 7 8 0 5 0 8 1 4 0 7 2 8 6 8 3 8 1 9 5 1 9 0 5 7 4 2 6 9 7 4 3 8 9 5 6 3 0 9 4 5 1 2 7 9 3 1 5 9 1 3 8 7 1 0 8 1 7 2 4 7 1 5 7 4 7 4 1 8 7 5 0 1 6 4 6 0 1 9 2 4 2 6 4 7 5 7 3 5 9 6 9 3 9 1
331 37 0.5
6 8 6 9 6 1 7 8 0 5 0 8 1 4 0 7 2 8 6 8 3 8 1 9 5 1 9 0 5 7 4 2 6 9 7 4 3 8 9 5 6 3 0 9 4 5 1 2 7 9 3 1 5 9 1 3 8 7 1 0 8 1 7 2 4 7 1 5 7 4 7 4 1 8 7 5 0 1 6 4 6 0 1 9 2 4 2 6 4 7 5 7 3 5 9 6 9 3 9 1
332 37 0.5
6 8 6 9 6 1 7 8 0 5 0 8 1 4 0 7 2 8 6 8 3 8 1 9 5 1 9 0 5 7 4 2 6 9 7 4 3 8 9 5 6 3 0 9 4 5 1 2 7 9 3 1 5 9 1 3 8 7 1 0 8 1 7 2 4 7 1 5 7 4 7 4 1 8 7 5 0 1 6 4 6 0 1 9 2 4 2 6 4 7 5 7 3 5 9 6 9 3 9 1
334 36 0.5
6 8 6 9 6 1 7 8 0 5 0 8 1 4 0 7 2 8 6 8 3 8 1 9 5 1 9 0 5 7 4 2 6 9 7 4 3 8 9 5 6 3 3 9 4 5 1 2 7 9 3 1 5 9 1 0 8 7 1 0 8 1 7 2 4 7 1 5 7 4 7 4 1 8 7 5 0 1 6 4 6 0 1 9 2 4 2 6 4 7 5 7 3 5 9 6 9 3 9 1
339 36 0.5
6 8 6 9 6 1 7 8 0 5 0 8 1 4 0 7 2 8 6 8 3 8 1 9 5 1 9 0 5 7 4 2 6 9 7 4 3 8 9 5 6 3 3 9 4 5 1 2 7 9 3 1 5 9 1 0 8 7 1 0 8 1 7 2 4 7 1 5 7 4 7 4 1 8 7 5 0 1 6 4 6 0 1 9 2 4 2 6 4 7 5 7 3 5 9 6 9 3 9 1
341 36 0.5
6 8 6 9 6 1 7 8 0 5 0 8 1 4 0 7 2 8 6 8 3 8 1 9 5 1 9 0 5 7 4 2 6 9 7 4 3 8 9 5 6 3 3 9 4 5 1 2 7 9 3 1 5 9 1 0 8 7 1 0 8 1 7 2 4 7 1 5 7 4 7 4 1 8 7 5 0 1 6 4 6 0 1 9 2 4 2 6 4 7 5 7 3 5 9 6 9 3 9 1
347 36 0.6
6 8 6 9 6 1 7 8 0 5 0 8 1 4 0 7 2 8 6 8 3 8 1 9 5 1 9 0 5 7 4 2 6 9 7 4 3 8 9 5 6 3 3 9 4 5 1 2 7 9 3 1 5 9 1 0 8 7 1 0 8 1 7 2 4 7 1 5 7 4 7 4 1 8 7 5 0 1 6 4 6 0 1 9 2 4 2 6 4 7 5 7 3 5 9 6 9 3 9 1
349 36 0.6
6 8 6 9 6 1 7 8 0 5 0 8 1 4 0 7 2 8 6 8 3 8 1 9 5 1 9 0 5 7 4 2 6 9 7 4 3 8 9 5 6 3 3 9 4 5 1 2 7 9 3 1 5 9 1 0 8 7 1 0 8 1 7 2 4 7 1 5 7 4 7 4 1 8 7 5 0 1 6 4 6 0 1 9 2 4 2 6 4 7 5 7 3 5 9 6 9 3 9 1
350 36 0.6
6 8 6 9 6 1 7 8 0 5 0 8 1 4 0 7 2 8 6 8 3 8 1 9 5 1 9 0 5 7 4 2 6 9 7 4 3 8 9 5 6 3 3 9 4 5 1 2 7 9 3 1 5 9 1 0 8 7 1 0 8 1 7 2 4 7 1 5 7 4 7 4 1 8 7 5 0 1 6 4 6 0 1 9 2 4 2 6 4 7 5 7 3 5 9 6 9 3 9 1
353 36 0.6
6 8 6 9 6 1 7 8 0 5 0 8 1 4 0 7 2 8 6 8 3 8 1 9 5 1 9 0 5 7 4 2 6 9 7 4 3 8 9 5 6 3 3 9 4 5 1 2 7 9 3 1 5 9 1 0 8 7 1 0 8 1 7 2 4 7 1 5 7 4 7 4 1 8 7 5 0 1 6 4 6 0 1 9 2 4 2 6 4 7 5 7 3 5 9 6 9 3 9 1
362 35 0.6
6 8 6 9 6 1 7 8 0 5 0 8 1 4 0 7 2 8 6 8 3 8 1 9 5 1 9 3 5 7 4 2 6 9 7 4 1 8 9 5 6 3 0 9 4 1 1 2 7 9 3 1 5 7 3 0 8 9 1 0 8 1 7 2 4 7 5 5 7 4 7 4 1 8 7 5 0 1 6 4 6 0 1 9 2 4 2 6 4 7 5 7 3 5 9 6 9 3 9 1
365 35 0.6
6 8 6 9 6 1 7 8 0 5 0 8 1 4 0 7 2 8 6 8 3 8 1 9 5 1 9 3 5 7 4 2 6 9 7 4 1 8 9 5 6 3 0 9 4 1 1 2 7 9 3 1 5 7 3 0 8 9 1 0 8 1 7 2 4 7 5 5 7 4 7 4 1 8 7 5 0 1 6 4 6 0 1 9 2 4 2 6 4 7 5 7 3 5 9 6 9 3 9 1
366 35 0.6
6 8 6 9 6 1 7 8 0 5 0 8 1 4 0 7 2 8 6 8 3 8 1 9 5 1 9 3 5 7 4 2 6 9 7 4 1 8 9 5 6 3 0 9 4 1 1 2 7 9 3 1 5 7 3 0 8 9 1 0 8 1 7 2 4 7 5 5 7 4 7 4 1 8 7 5 0 1 6 4 6 0 1 9 2 4 2 6 4 7 5 7 3 5 9 6 9 3 9 1
367 35 0.6
6 8 6 9 6 1 7 8 0 5 0 8 1 4 0 7 2 8 6 8 3 8 1 9 5 1 9 3 5 7 4 2 6 9 7 4 1 8 9 5 6 3 0 9 4 1 1 2 7 9 3 1 5 7 3 0 8 9 1 0 8 1 7 2 4 7 5 5 7 4 7 4 1 8 7 5 0 1 6 4 6 0 1 9 2 4 2 6 4 7 5 7 3 5 9 6 9 3 9 1
368 35 0.6
6 8 6 9 6 1 7 8 0 5 0 8 1 4 0 7 2 8 6 8 3 8 1 9 5 1 9 3 5 7 4 2 6 9 7 4 1 8 9 5 6 3 0 9 4 1 1 2 7 9 3 1 5 7 3 0 8 9 1 0 8 1 7 2 4 7 5 5 7 4 7 4 1 8 7 5 0 1 6 4 6 0 1 9 2 4 2 6 4 7 5 7 3 5 9 6 9 3 9 1
370 35 0.6
6 8 6 9 6 1 7 8 0 5 0 8 1 4 0 7 2 8 6 8 3 8 1 9 5 1 9 3 5 7 4 2 6 9 7 4 1 8 9 5 6 3 0 9 4 1 1 2 7 9 3 1 5 7 3 0 8 9 1 0 8 1 7 2 4 7 5 5 7 4 7 4 1 8 7 5 0 1 6 4 6 0 1 9 2 4 2 6 4 7 5 7 3 5 9 6 9 3 9 1
373 34 0.6
6 8 6 8 7 1 7 8 0 5 0 9 1 4 0 7 2 8 6 8 1 8 1 9 5 1 9 3 5 7 4 2 6 9 7 4 1 8 9 5 6 3 0 9 4 1 1 5 7 9 3 1 5 7 3 0 8 9 1 0 8 1 7 2 4 6 5 5 7 4 7 4 1 8 7 5 0 1 6 4 6 0 1 9 2 4 2 6 4 7 5 7 3 2 9 6 9 3 9 3
382 34 0.6
6 8 6 8 7 1 7 8 0 5 0 9 1 4 0 7 2 8 6 8 1 8 1 9 5 1 9 3 5 7 4 2 6 9 7 4 1 8 9 5 6 3 0 9 4 1 1 5 7 9 3 1 5 7 3 0 8 9 1 0 8 1 7 2 4 6 5 5 7 4 7 4 1 8 7 5 0 1 6 4 6 0 1 9 2 4 2 6 4 7 5 7 3 2 9 6 9 3 9 3
383 34 0.6
6 8 6 8 7 1 7 8 0 5 0 9 1 4 0 7 2 8 6 8 1 8 1 9 5 1 9 3 5 7 4 2 6 9 7 4 1 8 9 5 6 3 0 9 4 1 1 5 7 9 3 1 5 7 3 0 8 9 1 0 8 1 7 2 4 6 5 5 7 4 7 4 1 8 7 5 0 1 6 4 6 0 1 9 2 4 2 6 4 7 5 7 3 2 9 6 9 3 9 3
387 34 0.6
6 8 6 8 7 1 7 8 0 5 0 9 1 4 0 7 2 8 6 8 1 8 1 9 5 1 9 3 5 7 4 2 6 9 7 4 1 8 9 5 6 3 0 9 4 1 1 5 7 9 3 1 5 7 3 0 8 9 1 0 8 1 7 2 4 6 5 5 7 4 7 4 1 8 7 5 0 1 6 4 6 0 1 9 2 4 2 6 4 7 5 7 3 2 9 6 9 3 9 3
388 34 0.6
6 8 6 8 7 1 7 8 0 5 0 9 1 4 0 7 2 8 6 8 1 8 1 9 5 1 9 3 5 7 4 2 6 9 7 4 1 8 9 5 6 3 0 9 4 1 1 5 7 9 3 1 5 7 3 0 8 9 1 0 8 1 7 2 4 6 5 5 7 4 7 4 1 8 7 5 0 1 6 4 6 0 1 9 2 4 2 6 4 7 5 7 3 2 9 6 9 3 9 3
400 34 0.7
6 8 6 8 7 1 7 8 0 5 0 9 1 4 0 7 2 8 6 8 1 8 1 9 5 1 9 3 5 7 4 2 6 9 7 4 1 8 9 5 6 3 0 9 4 1 1 5 7 9 3 1 5 7 3 0 8 9 1 0 8 1 7 2 4 6 5 5 7 4 7 4 1 8 7 5 0 1 6 4 6 0 1 9 2 4 2 6 4 7 5 7 3 2 9 6 9 3 9 3
403 34 0.7
6 8 6 8 7 1 7 8 0 5 0 9 1 4 0 7 2 8 6 8 1 8 1 9 5 1 9 3 5 7 4 2 6 9 7 4 1 8 9 5 6 3 0 9 4 1 1 5 7 9 3 1 5 7 3 0 8 9 1 0 8 1 7 2 4 6 5 5 7 4 7 4 1 8 7 5 0 1 6 4 6 0 1 9 2 4 2 6 4 7 5 7 3 2 9 6 9 3 9 3
407 34 0.7
6 8 6 8 7 1 7 8 0 5 0 9 1 4 0 7 2 8 6 8 1 8 1 9 5 1 9 3 5 7 4 2 6 9 7 4 1 8 9 5 6 3 0 9 4 1 1 5 7 9 3 1 5 7 3 0 8 9 1 0 8 1 7 2 4 6 5 5 7 4 7 4 1 8 7 5 0 1 6 4 6 0 1 9 2 4 2 6 4 7 5 7 3 2 9 6 9 3 9 3
408 34 0.7
6 8 6 8 7 1 7 8 0 5 0 9 1 4 0 7 2 8 6 8 1 8 1 9 5 1 9 3 5 7 4 2 6 9 7 4 1 8 9 5 6 3 0 9 4 1 1 5 7 9 3 1 5 7 3 0 8 9 1 0 8 1 7 2 4 6 5 5 7 4 7 4 1 8 7 5 0 1 6 4 6 0 1 9 2 4 2 6 4 7 5 7 3 2 9 6 9 3 9 3
410 34 0.7
6 8 6 8 7 1 7 8 0 5 0 9 1 4 0 7 2 8 6 8 1 8 1 9 5 1 9 3 5 7 4 2 6 9 7 4 1 8 9 5 6 3 0 9 4 1 1 5 7 9 3 1 5 7 3 0 8 9 1 0 8 1 7 2 4 6 5 5 7 4 7 4 1 8 7 5 0 1 6 4 6 0 1 9 2 4 2 6 4 7 5 7 3 2 9 6 9 3 9 3
411 34 0.7
6 8 6 8 7 1 7 8 0 5 0 9 1 4 0 7 2 8 6 8 1 8 1 9 5 1 9 3 5 7 4 2 6 9 7 4 1 8 9 5 6 3 0 9 4 1 1 5 7 9 3 1 5 7 3 0 8 9 1 0 8 1 7 2 4 6 5 5 7 4 7 4 1 8 7 5 0 1 6 4 6 0 1 9 2 4 2 6 4 7 5 7 3 2 9 6 9 3 9 3
412 34 0.7
6 8 6 8 7 1 7 8 0 5 0 9 1 4 0 7 2 8 6 8 1 8 1 9 5 1 9 3 5 7 4 2 6 9 7 4 1 8 9 5 6 3 0 9 4 1 1 5 7 9 3 1 5 7 3 0 8 9 1 0 8 1 7 2 4 6 5 5 7 4 7 4 1 8 7 5 0 1 6 4 6 0 1 9 2 4 2 6 4 7 5 7 3 2 9 6 9 3 9 3
413 34 0.7
6 8 6 8 7 1 7 8 0 5 0 9 1 4 0 7 2 8 6 8 1 8 1 9 5 1 9 3 5 7 4 2 6 9 7 4 1 8 9 5 6 3 0 9 4 1 1 5 7 9 3 1 5 7 3 0 8 9 1 0 8 1 7 2 4 6 5 5 7 4 7 4 1 8 7 5 0 1 6 4 6 0 1 9 2 4 2 6 4 7 5 7 3 2 9 6 9 3 9 3
415 34 0.7
6 8 6 8 7 1 7 8 0 5 0 9 1 4 0 7 2 8 6 8 1 8 1 9 5 1 9 3 5 7 4 2 6 9 7 4 1 8 9 5 6 3 0 9 4 1 1 5 7 9 3 1 5 7 3 0 8 9 1 0 8 1 7 2 4 6 5 5 7 4 7 4 1 8 7 5 0 1 6 4 6 0 1 9 2 4 2 6 4 7 5 7 3 2 9 6 9 3 9 3
417 34 0.7
6 8 6 8 7 1 7 8 0 5 0 9 1 4 0 7 2 8 6 8 1 8 1 9 5 1 9 3 5 7 4 2 6 9 7 4 1 8 9 5 6 3 0 9 4 1 1 5 7 9 3 1 5 7 3 0 8 9 1 0 8 1 7 2 4 6 5 5 7 4 7 4 1 8 7 5 0 1 6 4 6 0 1 9 2 4 2 6 4 7 5 7 3 2 9 6 9 3 9 3
418 34 0.7
6 8 6 8 7 1 7 8 0 5 0 9 1 4 0 7 2 8 6 8 1 8 1 9 5 1 9 3 5 7 4 2 6 9 7 4 1 8 9 5 6 3 0 9 4 1 1 5 7 9 3 1 5 7 3 0 8 9 1 0 8 1 7 2 4 6 5 5 7 4 7 4 1 8 7 5 0 1 6 4 6 0 1 9 2 4 2 6 4 7 5 7 3 2 9 6 9 3 9 3
419 34 0.7
6 8 6 8 7 1 7 8 0 5 0 9 1 4 0 7 2 8 6 8 1 8 1 9 5 1 9 3 5 7 4 2 6 9 7 4 1 8 9 5 6 3 0 9 4 1 1 5 7 9 3 1 5 7 3 0 8 9 1 0 8 1 7 2 4 6 5 5 7 4 7 4 1 8 7 5 0 1 6 4 6 0 1 9 2 4 2 6 4 7 5 7 3 2 9 6 9 3 9 3
420 34 0.7
6 8 6 8 7 1 7 8 0 5 0 9 1 4 0 7 2 8 6 8 1 8 1 9 5 1 9 3 5 7 4 2 6 9 7 4 1 8 9 5 6 3 0 9 4 1 1 5 7 9 3 1 5 7 3 0 8 9 1 0 8 1 7 2 4 6 5 5 7 4 7 4 1 8 7 5 0 1 6 4 6 0 1 9 2 4 2 6 4 7 5 7 3 2 9 6 9 3 9 3
432 34 0.7
6 8 6 8 7 1 7 8 0 5 0 9 1 4 0 7 2 8 6 8 1 8 1 9 5 1 9 3 5 7 4 2 6 9 7 4 1 8 9 5 6 3 0 9 4 1 1 5 7 9 3 1 5 7 3 0 8 9 1 0 8 1 7 2 4 6 5 5 7 4 7 4 1 8 7 5 0 1 6 4 6 0 1 9 2 4 2 6 4 7 5 7 3 2 9 6 9 3 9 3
433 34 0.7
6 8 6 8 7 1 7 8 0 5 0 9 1 4 0 7 2 8 6 8 1 8 1 9 5 1 9 3 5 7 4 2 6 9 7 4 1 8 9 5 6 3 0 9 4 1 1 5 7 9 3 1 5 7 3 0 8 9 1 0 8 1 7 2 4 6 5 5 7 4 7 4 1 8 7 5 0 1 6 4 6 0 1 9 2 4 2 6 4 7 5 7 3 2 9 6 9 3 9 3
448 33 0.7
6 8 6 8 7 1 7 8 0 1 2 9 1 5 0 7 2 8 6 8 3 8 1 9 2 1 9 3 5 7 4 2 6 9 7 4 1 8 9 5 0 3 6 9 4 1 1 5 7 9 3 6 5 7 4 0 8 9 1 8 0 5 7 2 4 1 4 5 7 4 7 3 1 8 7 5 0 1 6 4 6 0 1 9 0 4 5 6 4 7 5 6 3 2 9 7 9 3 9 1
449 33 0.7
6 8 6 8 7 1 7 8 0 1 2 9 1 5 0 7 2 8 6 8 3 8 1 9 2 1 9 3 5 7 4 2 6 9 7 4 1 8 9 5 0 3 6 9 4 1 1 5 7 9 3 6 5 7 4 0 8 9 1 8 0 5 7 2 4 1 4 5 7 4 7 3 1 8 7 5 0 1 6 4 6 0 1 9 0 4 5 6 4 7 5 6 3 2 9 7 9 3 9 1
450 33 0.7
6 8 6 8 7 1 7 8 0 1 2 9 1 5 0 7 2 8 6 8 3 8 1 9 2 1 9 3 5 7 4 2 6 9 7 4 1 8 9 5 0 3 6 9 4 1 1 5 7 9 3 6 5 7 4 0 8 9 1 8 0 5 7 2 4 1 4 5 7 4 7 3 1 8 7 5 0 1 6 4 6 0 1 9 0 4 5 6 4 7 5 6 3 2 9 7 9 3 9 1
452 33 0.8
6 8 6 8 7 1 7 8 0 1 2 9 1 5 0 7 2 8 6 8 3 8 1 9 2 1 9 3 5 7 4 2 6 9 7 4 1 8 9 5 0 3 6 9 4 1 1 5 7 9 3 6 5 7 4 0 8 9 1 8 0 5 7 2 4 1 4 5 7 4 7 3 1 8 7 5 0 1 6 4 6 0 1 9 0 4 5 6 4 7 5 6 3 2 9 7 9 3 9 1
461 33 0.8
6 8 6 8 7 1 7 8 0 1 2 9 1 5 0 7 2 8 6 8 3 8 1 9 2 1 9 3 5 7 4 2 6 9 7 4 1 8 9 5 0 3 6 9 4 1 1 5 7 9 3 6 5 7 4 0 8 9 1 8 0 5 7 2 4 1 4 5 7 4 7 3 1 8 7 5 0 1 6 4 6 0 1 9 0 4 5 6 4 7 5 6 3 2 9 7 9 3 9 1
466 33 0.8
6 8 6 8 7 1 7 8 0 1 2 9 1 5 0 7 2 8 6 8 3 8 1 9 2 1 9 3 5 7 4 2 6 9 7 4 1 8 9 5 0 3 6 9 4 1 1 5 7 9 3 6 5 7 4 0 8 9 1 8 0 5 7 2 4 1 4 5 7 4 7 3 1 8 7 5 0 1 6 4 6 0 1 9 0 4 5 6 4 7 5 6 3 2 9 7 9 3 9 1
467 33 0.8
6 8 6 8 7 1 7 8 0 1 2 9 1 5 0 7 2 8 6 8 3 8 1 9 2 1 9 3 5 7 4 2 6 9 7 4 1 8 9 5 0 3 6 9 4 1 1 5 7 9 3 6 5 7 4 0 8 9 1 8 0 5 7 2 4 1 4 5 7 4 7 3 1 8 7 5 0 1 6 4 6 0 1 9 0 4 5 6 4 7 5 6 3 2 9 7 9 3 9 1
470 33 0.8
6 8 6 8 7 1 7 8 0 1 2 9 1 5 0 7 2 8 6 8 3 8 1 9 2 1 9 3 5 7 4 2 6 9 7 4 1 8 9 5 0 3 6 9 4 1 1 5 7 9 3 6 5 7 4 0 8 9 1 8 0 5 7 2 4 1 4 5 7 4 7 3 1 8 7 5 0 1 6 4 6 0 1 9 0 4 5 6 4 7 5 6 3 2 9 7 9 3 9 1
482 33 0.8
6 8 6 8 7 1 7 8 0 1 2 9 1 5 0 7 2 8 6 8 3 8 1 9 2 1 9 3 5 7 4 2 6 9 7 4 1 8 9 5 0 3 6 9 4 1 1 5 7 9 3 6 5 7 4 0 8 9 1 8 0 5 7 2 4 1 4 5 7 4 7 3 1 8 7 5 0 1 6 4 6 0 1 9 0 4 5 6 4 7 5 6 3 2 9 7 9 3 9 1
486 32 0.8
0 8 6 8 7 1 7 8 6 3 2 9 1 5 0 7 2 8 6 8 3 8 1 9 2 1 9 3 5 7 4 9 6 2 7 4 1 8 9 5 0 3 6 9 4 1 1 5 7 9 1 6 5 7 4 0 8 7 1 8 0 5 7 2 4 3 4 5 7 4 7 3 1 8 7 5 0 1 6 4 6 9 1 9 0 4 5 6 4 7 5 6 1 2 9 0 9 3 9 1
487 32 0.8
0 8 6 8 7 1 7 8 6 3 2 9 1 5 0 7 2 8 6 8 3 8 1 9 2 1 9 3 5 7 4 9 6 2 7 4 1 8 9 5 0 3 6 9 4 1 1 5 7 9 1 6 5 7 4 0 8 7 1 8 0 5 7 2 4 3 4 5 7 4 7 3 1 8 7 5 0 1 6 4 6 9 1 9 0 4 5 6 4 7 5 6 1 2 9 0 9 3 9 1
494 32 0.8
0 8 6 8 7 1 7 8 6 3 2 9 1 5 0 7 2 8 6 8 3 8 1 9 2 1 9 3 5 7 4 9 6 2 7 4 1 8 9 5 0 3 6 9 4 1 1 5 7 9 1 6 5 7 4 0 8 7 1 8 0 5 7 2 4 3 4 5 7 4 7 3 1 8 7 5 0 1 6 4 6 9 1 9 0 4 5 6 4 7 5 6 1 2 9 0 9 3 9 1
497 32 0.8
0 8 6 8 7 1 7 8 6 3 2 9 1 5 0 7 2 8 6 8 3 8 1 9 2 1 9 3 5 7 4 9 6 2 7 4 1 8 9 5 0 3 6 9 4 1 1 5 7 9 1 6 5 7 4 0 8 7 1 8 0 5 7 2 4 3 4 5 7 4 7 3 1 8 7 5 0 1 6 4 6 9 1 9 0 4 5 6 4 7 5 6 1 2 9 0 9 3 9 1
503 31 0.8
0 8 6 8 7 1 7 8 6 3 2 9 1 5 0 7 2 8 6 8 3 8 1 9 2 1 9 3 5 7 4 4 6 2 7 4 1 8 9 5 0 3 6 9 4 1 1 5 7 9 1 6 5 7 4 0 8 7 1 8 0 5 7 2 9 3 4 5 7 4 7 3 1 8 7 5 0 1 6 4 6 9 1 9 0 4 5 6 4 7 5 6 1 2 9 0 9 3 9 1
504 31 0.8
0 8 6 8 7 1 7 8 6 3 2 9 1 5 0 7 2 8 6 8 3 8 1 9 2 1 9 3 5 7 4 4 6 2 7 4 1 8 9 5 0 3 6 9 4 1 1 5 7 9 1 6 5 7 4 0 8 7 1 8 0 5 7 2 9 3 4 5 7 4 7 3 1 8 7 5 0 1 6 4 6 9 1 9 0 4 5 6 4 7 5 6 1 2 9 0 9 3 9 1
507 31 0.9
0 8 6 8 7 1 7 8 6 3 2 9 1 5 0 7 2 8 6 8 3 8 1 9 2 1 9 3 5 7 4 4 6 2 7 4 1 8 9 5 0 3 6 9 4 1 1 5 7 9 1 6 5 7 4 0 8 7 1 8 0 5 7 2 9 3 4 5 7 4 7 3 1 8 7 5 0 1 6 4 6 9 1 9 0 4 5 6 4 7 5 6 1 2 9 0 9 3 9 1
510 31 0.9
0 8 6 8 7 1 7 8 6 3 2 9 1 5 0 7 2 8 6 8 3 8 1 9 2 1 9 3 5 7 4 4 6 2 7 4 1 8 9 5 0 3 6 9 4 1 1 5 7 9 1 6 5 7 4 0 8 7 1 8 0 5 7 2 9 3 4 5 7 4 7 3 1 8 7 5 0 1 6 4 6 9 1 9 0 4 5 6 4 7 5 6 1 2 9 0 9 3 9 1
511 30 0.9
0 8 6 8 7 1 7 8 6 3 2 9 1 5 0 7 2 8 6 8 3 9 1 9 3 1 9 2 5 7 4 4 6 2 7 4 1 8 9 5 0 3 6 9 4 1 3 5 7 9 1 6 5 7 4 0 8 7 1 8 0 5 7 2 9 1 4 5 7 4 7 3 1 8 7 5 0 1 6 4 6 8 1 9 0 4 5 6 4 7 5 6 1 2 9 0 9 3 9 1
513 30 0.9
0 8 6 8 7 1 7 8 6 3 2 9 1 5 0 7 2 8 6 8 3 9 1 9 3 1 9 2 5 7 4 4 6 2 7 4 1 8 9 5 0 3 6 9 4 1 3 5 7 9 1 6 5 7 4 0 8 7 1 8 0 5 7 2 9 1 4 5 7 4 7 3 1 8 7 5 0 1 6 4 6 8 1 9 0 4 5 6 4 7 5 6 1 2 9 0 9 3 9 1
519 30 0.9
0 8 6 8 7 1 7 8 6 3 2 9 1 5 0 7 2 8 6 8 3 9 1 9 3 1 9 2 5 7 4 4 6 2 7 4 1 8 9 5 0 3 6 9 4 1 3 5 7 9 1 6 5 7 4 0 8 7 1 8 0 5 7 2 9 1 4 5 7 4 7 3 1 8 7 5 0 1 6 4 6 8 1 9 0 4 5 6 4 7 5 6 1 2 9 0 9 3 9 1
526 30 0.9
0 8 6 8 7 1 7 8 6 3 2 9 1 5 0 7 2 8 6 8 3 9 1 9 3 1 9 2 5 7 4 4 6 2 7 4 1 8 9 5 0 3 6 9 4 1 3 5 7 9 1 6 5 7 4 0 8 7 1 8 0 5 7 2 9 1 4 5 7 4 7 3 1 8 7 5 0 1 6 4 6 8 1 9 0 4 5 6 4 7 5 6 1 2 9 0 9 3 9 1
531 30 0.9
0 8 6 8 7 1 7 8 6 3 2 9 1 5 0 7 2 8 6 8 3 9 1 9 3 1 9 2 5 7 4 4 6 2 7 4 1 8 9 5 0 3 6 9 4 1 3 5 7 9 1 6 5 7 4 0 8 7 1 8 0 5 7 2 9 1 4 5 7 4 7 3 1 8 7 5 0 1 6 4 6 8 1 9 0 4 5 6 4 7 5 6 1 2 9 0 9 3 9 1
536 30 0.9
0 8 6 8 7 1 7 8 6 3 2 9 1 5 0 7 2 8 6 8 3 9 1 9 3 1 9 2 5 7 4 4 6 2 7 4 1 8 9 5 0 3 6 9 4 1 3 5 7 9 1 6 5 7 4 0 8 7 1 8 0 5 7 2 9 1 4 5 7 4 7 3 1 8 7 5 0 1 6 4 6 8 1 9 0 4 5 6 4 7 5 6 1 2 9 0 9 3 9 1
542 30 0.9
0 8 6 8 7 1 7 8 6 3 2 9 1 5 0 7 2 8 6 8 3 9 1 9 3 1 9 2 5 7 4 4 6 2 7 4 1 8 9 5 0 3 6 9 4 1 3 5 7 9 1 6 5 7 4 0 8 7 1 8 0 5 7 2 9 1 4 5 7 4 7 3 1 8 7 5 0 1 6 4 6 8 1 9 0 4 5 6 4 7 5 6 1 2 9 0 9 3 9 1
544 30 0.9
0 8 6 8 7 1 7 8 6 3 2 9 1 5 0 7 2 8 6 8 3 9 1 9 3 1 9 2 5 7 4 4 6 2 7 4 1 8 9 5 0 3 6 9 4 1 3 5 7 9 1 6 5 7 4 0 8 7 1 8 0 5 7 2 9 1 4 5 7 4 7 3 1 8 7 5 0 1 6 4 6 8 1 9 0 4 5 6 4 7 5 6 1 2 9 0 9 3 9 1
558 30 1
0 8 6 8 7 1 7 8 6 3 2 9 1 5 0 7 2 8 6 8 3 9 1 9 3 1 9 2 5 7 4 4 6 2 7 4 1 8 9 5 0 3 6 9 4 1 3 5 7 9 1 6 5 7 4 0 8 7 1 8 0 5 7 2 9 1 4 5 7 4 7 3 1 8 7 5 0 1 6 4 6 8 1 9 0 4 5 6 4 7 5 6 1 2 9 0 9 3 9 1
560 30 1
0 8 6 8 7 1 7 8 6 3 2 9 1 5 0 7 2 8 6 8 3 9 1 9 3 1 9 2 5 7 4 4 6 2 7 4 1 8 9 5 0 3 6 9 4 1 3 5 7 9 1 6 5 7 4 0 8 7 1 8 0 5 7 2 9 1 4 5 7 4 7 3 1 8 7 5 0 1 6 4 6 8 1 9 0 4 5 6 4 7 5 6 1 2 9 0 9 3 9 1
563 30 1
0 8 6 8 7 1 7 8 6 3 2 9 1 5 0 7 2 8 6 8 3 9 1 9 3 1 9 2 5 7 4 4 6 2 7 4 1 8 9 5 0 3 6 9 4 1 3 5 7 9 1 6 5 7 4 0 8 7 1 8 0 5 7 2 9 1 4 5 7 4 7 3 1 8 7 5 0 1 6 4 6 8 1 9 0 4 5 6 4 7 5 6 1 2 9 0 9 3 9 1
574 30 1
0 8 6 8 7 1 7 8 6 3 2 9 1 5 0 7 2 8 6 8 3 9 1 9 3 1 9 2 5 7 4 4 6 2 7 4 1 8 9 5 0 3 6 9 4 1 3 5 7 9 1 6 5 7 4 0 8 7 1 8 0 5 7 2 9 1 4 5 7 4 7 3 1 8 7 5 0 1 6 4 6 8 1 9 0 4 5 6 4 7 5 6 1 2 9 0 9 3 9 1
576 30 1
0 8 6 8 7 1 7 8 6 3 2 9 1 5 0 7 2 8 6 8 3 9 1 9 3 1 9 2 5 7 4 4 6 2 7 4 1 8 9 5 0 3 6 9 4 1 3 5 7 9 1 6 5 7 4 0 8 7 1 8 0 5 7 2 9 1 4 5 7 4 7 3 1 8 7 5 0 1 6 4 6 8 1 9 0 4 5 6 4 7 5 6 1 2 9 0 9 3 9 1
584 30 1
0 8 6 8 7 1 7 8 6 3 2 9 1 5 0 7 2 8 6 8 3 9 1 9 3 1 9 2 5 7 4 4 6 2 7 4 1 8 9 5 0 3 6 9 4 1 3 5 7 9 1 6 5 7 4 0 8 7 1 8 0 5 7 2 9 1 4 5 7 4 7 3 1 8 7 5 0 1 6 4 6 8 1 9 0 4 5 6 4 7 5 6 1 2 9 0 9 3 9 1
589 30 1
0 8 6 8 7 1 7 8 6 3 2 9 1 5 0 7 2 8 6 8 3 9 1 9 3 1 9 2 5 7 4 4 6 2 7 4 1 8 9 5 0 3 6 9 4 1 3 5 7 9 1 6 5 7 4 0 8 7 1 8 0 5 7 2 9 1 4 5 7 4 7 3 1 8 7 5 0 1 6 4 6 8 1 9 0 4 5 6 4 7 5 6 1 2 9 0 9 3 9 1
597 30 1
0 8 6 8 7 1 7 8 6 3 2 9 1 5 0 7 2 8 6 8 3 9 1 9 3 1 9 2 5 7 4 4 6 2 7 4 1 8 9 5 0 3 6 9 4 1 3 5 7 9 1 6 5 7 4 0 8 7 1 8 0 5 7 2 9 1 4 5 7 4 7 3 1 8 7 5 0 1 6 4 6 8 1 9 0 4 5 6 4 7 5 6 1 2 9 0 9 3 9 1
602 30 1
0 8 6 8 7 1 7 8 6 3 2 9 1 5 0 7 2 8 6 8 3 9 1 9 3 1 9 2 5 7 4 4 6 2 7 4 1 8 9 5 0 3 6 9 4 1 3 5 7 9 1 6 5 7 4 0 8 7 1 8 0 5 7 2 9 1 4 5 7 4 7 3 1 8 7 5 0 1 6 4 6 8 1 9 0 4 5 6 4 7 5 6 1 2 9 0 9 3 9 1
606 30 1
0 8 6 8 7 1 7 8 6 3 2 9 1 5 0 7 2 8 6 8 3 9 1 9 3 1 9 2 5 7 4 4 6 2 7 4 1 8 9 5 0 3 6 9 4 1 3 5 7 9 1 6 5 7 4 0 8 7 1 8 0 5 7 2 9 1 4 5 7 4 7 3 1 8 7 5 0 1 6 4 6 8 1 9 0 4 5 6 4 7 5 6 1 2 9 0 9 3 9 1
615 30 1.1
0 8 6 8 7 1 7 8 6 3 2 9 1 5 0 7 2 8 6 8 3 9 1 9 3 1 9 2 5 7 4 4 6 2 7 4 1 8 9 5 0 3 6 9 4 1 3 5 7 9 1 6 5 7 4 0 8 7 1 8 0 5 7 2 9 1 4 5 7 4 7 3 1 8 7 5 0 1 6 4 6 8 1 9 0 4 5 6 4 7 5 6 1 2 9 0 9 3 9 1
662 29 1.1
0 8 6 8 7 1 9 8 6 1 2 9 3 5 0 7 2 8 6 4 3 9 1 9 3 1 9 2 5 7 4 7 6 5 7 4 1 8 9 1 0 3 6 9 4 1 3 5 7 9 1 6 5 7 4 0 8 7 0 8 0 2 7 2 8 1 4 5 7 4 7 3 1 4 7 5 6 1 0 4 6 8 1 5 0 4 9 6 5 7 5 6 1 2 9 1 9 3 9 8
666 28 1.2
0 8 6 8 7 1 9 8 6 1 2 9 3 5 0 7 2 8 6 4 3 9 1 9 3 1 9 2 5 7 4 7 6 5 7 4 1 8 9 1 0 3 6 9 4 1 3 5 7 9 1 6 5 7 4 0 8 7 0 8 1 2 7 2 8 0 4 5 7 4 7 3 1 4 7 5 6 1 0 4 6 8 1 5 0 4 9 6 5 7 5 6 1 2 9 1 9 3 9 8
820 27 1.4
0 8 6 8 7 1 9 8 6 1 2 9 3 5 0 7 2 8 6 4 3 9 1 9 3 1 9 2 5 7 4 7 6 5 7 4 1 8 9 1 0 3 6 9 4 1 3 5 7 9 1 6 5 7 4 0 8 6 0 8 1 2 7 2 8 0 4 5 7 4 7 3 1 4 7 5 7 1 0 4 6 8 1 5 0 4 9 6 5 7 5 6 1 2 9 1 9 3 9 8
1033 26 1.9
0 8 6 8 7 1 9 8 6 1 2 9 3 5 0 7 2 8 6 4 3 9 1 9 3 1 9 2 5 7 4 1 6 5 7 4 1 8 9 1 0 3 6 9 4 7 3 5 7 9 1 6 5 7 4 0 8 6 0 8 1 2 7 2 8 0 4 5 7 4 7 3 1 4 7 5 7 1 0 4 6 8 1 5 0 4 9 6 5 7 5 6 1 2 9 1 9 3 9 8
1055 25 2
0 8 6 8 7 1 9 8 6 1 2 9 3 5 0 7 2 8 6 4 3 9 1 9 3 1 9 2 5 7 4 1 6 5 7 4 1 8 9 1 0 5 6 9 4 7 3 5 7 9 1 6 5 7 4 0 8 6 0 8 1 2 7 2 8 0 4 3 7 4 7 3 1 4 7 5 7 1 0 4 6 8 1 5 0 4 9 6 5 7 5 6 1 2 9 1 9 3 9 8
1510 24 3.8
0 8 6 8 7 1 9 8 6 1 2 9 3 5 1 7 2 8 6 4 3 9 1 9 3 1 9 2 5 7 4 1 6 5 7 4 1 8 9 1 0 5 6 9 4 7 3 5 7 9 1 6 5 7 4 0 8 6 0 8 0 2 7 2 8 0 4 3 7 4 7 3 1 4 7 5 7 1 0 4 6 8 1 5 0 4 9 6 5 7 5 6 1 2 9 1 9 3 9 8
1685 23 4.4
1 8 6 8 7 1 9 8 6 1 2 9 3 5 1 7 2 8 6 4 3 9 1 9 3 1 9 2 5 7 4 1 6 5 7 4 0 8 9 1 0 5 6 9 4 7 3 5 7 9 1 6 5 7 4 0 8 6 0 8 0 2 7 2 8 0 4 3 7 4 7 3 1 4 7 5 7 1 0 4 6 8 1 5 0 4 9 6 5 7 5 6 1 2 9 1 9 3 9 8
2486 22 6.3
1 8 6 4 7 1 9 8 6 1 2 9 3 5 1 7 2 8 6 4 3 9 1 9 3 1 9 2 5 7 4 1 6 5 7 4 0 8 9 1 0 5 6 9 4 7 3 5 7 9 1 6 5 7 4 0 8 6 0 8 0 2 7 2 8 0 4 3 7 4 7 3 1 4 7 5 7 1 0 4 6 8 1 5 0 8 9 6 5 7 5 6 1 2 9 1 9 3 9 8
3818 21 8.9
1 8 6 4 7 1 9 8 6 1 2 9 3 5 1 7 2 8 6 4 3 9 1 9 3 1 9 2 5 7 4 1 6 5 7 4 0 8 9 1 0 5 6 9 1 7 3 5 7 9 1 6 5 7 4 0 8 6 0 8 0 2 7 2 8 0 4 3 7 4 7 3 1 4 7 5 7 1 0 4 6 8 1 5 0 8 9 6 5 7 5 6 4 2 9 1 9 3 9 8
7517 20 15.7
1 8 6 4 7 1 9 8 6 1 2 9 3 5 1 7 2 8 6 4 3 9 1 9 3 1 9 2 5 7 4 1 6 5 7 4 0 8 9 1 0 5 6 9 1 7 3 5 7 9 1 6 5 7 4 0 8 6 0 8 0 2 7 2 8 0 4 3 7 4 7 3 1 4 7 5 7 1 0 4 6 8 6 5 0 8 9 1 5 7 5 6 4 2 9 1 9 3 9 8
