9 3.7   (4.35)      2 0 3 2 0 3 0 2 3 1 2 3 1 2 3 1 2 3 1 2
15 1.5  (1.57)      2 1 2 0 3 2 1 2 3 0 3 2 1 2 3 0 3 2 1 2
38 18.6 (19.71)     2 1 3 1 2 0 2 0 2 1 3 2 0 2 1 3 2 3 2 2
25 19.5 (40.2)      0 2 0 1 3 0 2 0 1 3 1 0 2 0 1 3 1 2 0 2
16 1.1  (1.47)      0 2 0 3 1 3 0 2 0 3 1 3 1 3 1 3 2 0 2 3
25 1.1  (1.14)      0 2 0 3 1 2 0 3 1 3 0 2 0 3 1 3 0 2 0 3
14 7.8  (20.86)     0 1 0 1 0 2 0 1 0 1 0 2 3 2 0 1 2 3 2 0
10 0.2  (0.24)      2 0 1 0 2 0 1 3 1 3 1 3 1 3 1 3 1 2 0 2
12 0.3  (0.41)      1 0 3 0 3 0 3 1 2 1 3 0 3 1 2 1 3 0 3 1
9 0.2   (0.19)      0 1 3 0 2 0 3 0 1 3 0 2 0 3 0 1 3 0 2 0
aprox 10% al bound