9 3.3  (4.3)  2 0 3 2 0 3 0 2 3 1 2 3 1 2 3 1 2 3 1 2
15 3.8 (3.97) 2 1 2 1 2 3 0 3 2 0 3 2 1 2 3 0 3 2 1 2
38 49.2 (53.9094)2 1 3 1 2 0 2 0 2 1 3 2 0 2 1 3 2 3 2 2
25 73.6  (165.9)0 2 0 1 3 0 2 0 1 3 1 0 2 0 1 3 1 2 0 2
16 7.4 (14.6)  0 2 0 3 1 3 0 2 0 3 1 3 1 3 1 3 2 0 2 3
25 15.3 (16.9) 0 2 0 3 1 2 0 3 1 3 0 2 0 3 1 3 0 2 0 3
14 19.6 (49.9) 0 1 0 1 0 2 0 1 0 1 0 2 3 2 0 1 2 3 2 0
10 1.6  (1.62) 2 0 1 0 2 0 1 3 1 3 1 3 1 3 1 3 1 2 0 2
12 1 (1.68)    1 0 3 0 3 0 3 1 2 1 3 0 3 1 2 1 3 0 3 1
9 1 (1.37)    0 1 3 0 2 0 3 0 1 3 0 2 0 3 0 1 3 0 2 0
